([(0 1.759093648956295e+00)] -2.910029603802235e+01)
([(0 5.198127066282026e+00)] -1.302630558757588e+01)
([(0 4.728412867373734e+00)] -1.237028776358868e+01)
([(0 1.276023395470091e+00)] -4.089045578413480e+01)
([(0 4.119779566021606e+00)] -2.097195909580712e+01)
([(0 2.568798846115449e+00)] -2.440843121016407e+01)
([(0 2.513038244018162e-03)] -4.735612118880346e+01)
([(0 -9.943679555541749e-01)] -5.114039643793264e+01)
([(0 -4.813706415407488e+00)] -9.528490362503014e+01)
([(0 1.521656116360170e+00)] -3.589657239625610e+01)
([(0 -1.287077992100883e+00)] -5.636857762586563e+01)
([(0 8.117488697172206e-01)] -3.331761454248223e+01)
([(0 4.085255637754628e-01)] -3.753537966478270e+01)
([(0 2.796717644272192e+00)] -2.013640161157635e+01)
([(0 2.466797920579864e+00)] -3.036861889468641e+01)
([(0 2.737019513147573e+00)] -2.476501804224400e+01)
([(0 -2.847710728615738e-02)] -4.216935235555628e+01)
([(0 1.402440677266405e+00)] -2.926854951780018e+01)
([(0 6.548165397617986e+00)] -1.176375646132417e+01)
([(0 1.542977761081282e+00)] -3.032038063126704e+01)
([(0 4.532435720374991e+00)] -1.451604770363686e+01)
([(0 2.492378692221763e+00)] -2.190418120666243e+01)
([(0 1.880549838050563e+00)] -2.906055245330257e+01)
([(0 4.623670279108602e+00)] -1.145186697492666e+01)
([(0 1.250097813090321e-01)] -4.319302901359750e+01)
([(0 4.549862090396566e+00)] -1.559514685667948e+01)
([(0 4.129610765211567e+00)] -1.697292986746181e+01)
([(0 5.197768869337736e+00)] -1.146345204533500e+01)
([(0 -1.947661544193146e+00)] -5.812141141680148e+01)
([(0 1.546248983864203e+00)] -2.798551136489929e+01)
([(0 8.747716742497289e-01)] -3.283915346206211e+01)
([(0 6.020070021136519e-01)] -3.340477053793877e+01)
([(0 2.143928868608960e+00)] -3.627039346237390e+01)
([(0 2.740366260267528e+00)] -1.968131793725689e+01)
([(0 -1.008668685392315e+00)] -6.170522772817212e+01)
([(0 4.869377042340872e-01)] -4.751028766044621e+01)
([(0 -1.130717348842012e-01)] -4.106565016367946e+01)
([(0 -6.046976378307392e-01)] -4.905455518849691e+01)
([(0 4.257370237111147e-01)] -4.376184546631193e+01)
([(0 1.791528176542613e+00)] -2.330675593142947e+01)
([(0 2.092336931253818e+00)] -2.935852846095223e+01)
([(0 2.202489999440360e+00)] -2.543286850455295e+01)
([(0 -3.856182312682442e+00)] -7.968517356637777e+01)
([(0 2.841026024124105e+00)] -2.181218039812288e+01)
([(0 6.024452661519106e-01)] -3.524851910349349e+01)
([(0 5.988505876814173e+00)] -1.535998827911164e+01)
([(0 3.611322014847147e-01)] -5.224563899658114e+01)
([(0 2.246820684972754e+00)] -2.471078746751554e+01)
([(0 -3.286482396826003e-01)] -4.611952726770912e+01)
([(0 -1.505885998503594e+00)] -5.488036910737168e+01)
([(0 1.869386805747475e+00)] -2.580886392048546e+01)
([(0 1.139191292767002e+00)] -4.084788371085106e+01)
([(0 2.918079569135905e+00)] -2.076164359749665e+01)
([(0 4.208137559205078e+00)] -1.701907808101119e+01)
([(0 3.443356509852229e+00)] -2.060532583573544e+01)
([(0 -1.330102503197161e+00)] -5.191568142645354e+01)
([(0 1.827097415216429e+00)] -3.041151760352795e+01)
([(0 3.296629729300875e+00)] -1.743164260205773e+01)
([(0 3.724300017905868e+00)] -1.534089368438114e+01)
([(0 3.670909903698067e+00)] -2.120747612866429e+01)
([(0 3.322202502587487e+00)] -1.979574443882285e+01)
([(0 1.195206159285746e+00)] -3.276938480705202e+01)
([(0 1.735999945083229e+00)] -2.669482543859238e+01)
([(0 2.314306152057505e+00)] -2.798263210253386e+01)
([(0 2.144352722699594e+00)] -2.403810896402605e+01)
([(0 -3.319109131391258e-01)] -4.897077664817652e+01)
([(0 8.653163406120257e-01)] -3.606587228043603e+01)
([(0 1.458554605534431e+00)] -3.532924290367590e+01)
([(0 1.293184161873526e-01)] -4.114726740888173e+01)
([(0 4.614154760633454e+00)] -1.991309016299364e+01)
([(0 -3.716903219473529e+00)] -7.798959674277148e+01)
([(0 -1.848436291803019e+00)] -6.040110566360563e+01)
([(0 1.175113858280994e+00)] -3.061301343493947e+01)
([(0 -1.899795750812018e+00)] -5.708948383479517e+01)
([(0 6.064495140498636e-01)] -4.002098294508835e+01)
([(0 1.091221652846691e+00)] -3.122583531401922e+01)
([(0 -2.675280351998047e+00)] -6.677453338127069e+01)
([(0 -7.762263298787531e-01)] -4.667097341556158e+01)
([(0 -3.601592258880473e-01)] -4.293091642013144e+01)
([(0 2.707383240727921e+00)] -2.064580041590549e+01)
([(0 6.989642730784666e-01)] -5.166751275654320e+01)
([(0 3.011387796224504e+00)] -1.951259644031310e+01)
([(0 -2.531293405352109e+00)] -6.344991649131634e+01)
([(0 4.365191211091762e+00)] -1.632030268739195e+01)
([(0 1.517338974534901e+00)] -3.158514955441301e+01)
([(0 2.288979854234512e-01)] -3.923788911715745e+01)
([(0 6.358674918687015e-01)] -3.467368185701714e+01)
([(0 -8.673859878442727e-01)] -4.866567402672113e+01)
([(0 1.081508573005038e+00)] -4.571581403341150e+01)
([(0 2.777406316050119e+00)] -2.609922410584828e+01)
([(0 -1.728405600741496e-01)] -4.101652069741401e+01)
([(0 4.203523217414045e-01)] -3.747843829827568e+01)
([(0 -3.614153278435651e+00)] -7.745428646545837e+01)
([(0 8.962083409429766e-02)] -4.841250045264300e+01)
([(0 -2.623527808218995e-01)] -4.333803675637787e+01)
([(0 1.291771357499542e+00)] -3.222173003482178e+01)
([(0 -1.775887866221431e+00)] -6.654506209797894e+01)
([(0 4.637725337411688e+00)] -1.271649548556062e+01)
([(0 -1.308790924828159e+00)] -5.170826317907441e+01)
([(0 1.539547350866052e+00)] -3.306145323300053e+01)
([(0 1.577230744053622e+00)] -2.777233856115855e+01)
([(0 1.825874020364061e+00)] -2.841061901324522e+01)
([(0 6.341714127559932e+00)] -8.458223095565566e+00)
([(0 6.663506919939834e-01)] -3.510451843521629e+01)
([(0 3.279152465880038e+00)] -2.114359190061055e+01)
([(0 2.987632696157739e+00)] -2.319353982607071e+01)
([(0 2.623969124608323e+00)] -3.663495286163697e+01)
([(0 1.999462215747251e+00)] -2.611221382250961e+01)
([(0 2.442951141775318e+00)] -2.602239556375407e+01)
([(0 1.636499632544542e+00)] -2.947389681895837e+01)
([(0 -4.920131462756672e-02)] -4.349821464530286e+01)
([(0 5.538334303925801e+00)] -8.345257778948525e+00)
([(0 1.212783714859697e+00)] -4.384366272700780e+01)
([(0 -3.126627288023300e-01)] -4.382254621587493e+01)
([(0 1.579945588813324e+00)] -2.775370410937785e+01)
([(0 2.644157279808880e+00)] -2.376002228180688e+01)
([(0 1.679419291411229e+00)] -2.903748095270490e+01)
([(0 1.146897083614832e+00)] -3.887561941813676e+01)
([(0 1.248025406878554e+00)] -3.320804232336955e+01)
([(0 6.825551168069453e-01)] -3.962012727761672e+01)
([(0 -1.901084938263097e+00)] -5.952563564602050e+01)
([(0 2.803232371914390e+00)] -2.009956271543778e+01)
([(0 -1.016566544638245e+00)] -5.436507606588646e+01)
([(0 3.294432905757958e-01)] -3.896474326511537e+01)
([(0 4.958806754347741e+00)] -1.109915203362736e+01)
([(0 -9.978892529741472e-01)] -5.419396739590255e+01)
([(0 -5.329616405880913e-01)] -4.572891245590613e+01)
([(0 3.098278579171009e+00)] -1.847520590595932e+01)
([(0 4.034771792566417e+00)] -1.765317171818046e+01)
([(0 3.441552725503570e+00)] -1.721733269864179e+01)
([(0 1.517344304902579e-01)] -4.582354826815022e+01)
([(0 6.494189429269426e-02)] -4.123535415659531e+01)
([(0 -1.525274905570242e+00)] -5.484055046589131e+01)
([(0 -4.820359622697197e-01)] -4.748383444521742e+01)
([(0 8.546068537302247e-01)] -4.949299050749843e+01)
([(0 5.067301407633877e-01)] -3.953769306427670e+01)
([(0 -2.285278879435175e+00)] -6.524216358401667e+01)
([(0 -1.251685671050652e+00)] -5.497551786848786e+01)
([(0 1.507733113357403e+00)] -2.867772310186616e+01)
([(0 5.589171909112167e-02)] -4.759614840278694e+01)
([(0 -2.123288975169046e-01)] -4.876401221070185e+01)
([(0 2.740600759164927e+00)] -2.128386561730878e+01)
([(0 -4.828385949731739e-01)] -4.401587664391774e+01)
([(0 4.480992529434289e+00)] -2.076244916839534e+01)
([(0 1.304541475766342e+00)] -3.526759709234148e+01)
([(0 -5.297895166306006e-01)] -4.443504614099591e+01)
([(0 -4.069477415245728e+00)] -8.153954886201453e+01)
([(0 2.193400171871431e+00)] -2.530956530959626e+01)
([(0 4.354937102716555e+00)] -1.403049502623794e+01)
([(0 3.172950510412811e+00)] -1.935941304989230e+01)
([(0 -6.746626543313710e-01)] -4.776911534096462e+01)
([(0 1.492053649834872e-01)] -3.762788421662626e+01)
([(0 -5.933739495566641e-01)] -4.735503390129704e+01)
([(0 2.910944635237286e+00)] -2.080330436163101e+01)
([(0 2.136300812551440e+00)] -2.598184284861782e+01)
([(0 -2.511052499256543e+00)] -6.747202962923693e+01)
([(0 2.316814492251126e+00)] -3.049463013621025e+01)
([(0 2.583036352986312e-01)] -4.673115409945313e+01)
([(0 2.905214090177218e+00)] -2.510154005571995e+01)
([(0 2.309419751306073e+00)] -2.565740723501973e+01)
([(0 -2.171249725357484e+00)] -6.503708711251980e+01)
([(0 2.561835693341131e+00)] -2.220537092188952e+01)
([(0 -2.107081980523233e+00)] -6.201124530280581e+01)
([(0 5.417125927981296e+00)] -9.455226617889398e+00)
([(0 -3.748136884810762e-01)] -4.305973507154356e+01)
([(0 -1.591713426536657e+00)] -5.449847808261870e+01)
([(0 1.663212440987337e+00)] -2.718571180535908e+01)
([(0 1.997776555675586e+00)] -2.497273033991518e+01)
([(0 1.608149350306327e+00)] -3.296649256314711e+01)
([(0 1.817191498004789e+00)] -3.158131525204846e+01)
([(0 -1.148110938607182e+00)] -6.480900540823613e+01)
([(0 -4.310258465215426e-01)] -4.459697234768927e+01)
([(0 2.406343439029968e+00)] -2.791103997999295e+01)
([(0 5.505536813951380e+00)] -8.442336314741041e+00)
([(0 3.195602571356332e+00)] -2.147131394067467e+01)
([(0 5.748770279852735e-01)] -3.518668900278304e+01)
([(0 8.486466051065307e-01)] -3.429960722277013e+01)
([(0 6.732946838924150e-01)] -4.160006841463589e+01)
([(0 -1.626187159865275e+00)] -5.679318016410324e+01)
([(0 9.504645117972430e-01)] -3.660525168554716e+01)
([(0 2.329533526855492e+00)] -2.419479122687996e+01)
([(0 1.380204612220837e+00)] -3.046814912667280e+01)
([(0 2.601311499725568e+00)] -2.126089840692619e+01)
([(0 8.876216790408407e-01)] -3.345309454671165e+01)
([(0 3.825208776116654e+00)] -1.484089291238514e+01)
([(0 -2.391816012256101e+00)] -6.422402378119615e+01)
([(0 1.725335759084842e+00)] -2.832127594432853e+01)
([(0 1.844544831860475e+00)] -2.468300377370166e+01)
([(0 5.722445701761956e-01)] -3.606467929138121e+01)
([(0 -8.114217129952905e-01)] -4.687323170650156e+01)
([(0 3.185773184536885e+00)] -1.772182232788203e+01)
([(0 3.706797771562115e+00)] -1.669496121625775e+01)
([(0 2.017002612070272e+00)] -2.605801435829067e+01)
([(0 -9.020972761241808e-02)] -4.059597619868504e+01)
([(0 -3.290518839471588e+00)] -7.745325885756591e+01)
([(0 4.827594541854090e+00)] -1.479135276581109e+01)
([(0 1.886604770555451e+00)] -2.569578503009907e+01)
([(0 3.263138136346441e+00)] -2.134418539290852e+01)
([(0 2.067857806080568e+00)] -2.452321387033653e+01)
([(0 1.984220715272066e+00)] -2.506024169299840e+01)
([(0 1.747443616063336e+00)] -3.333168588127160e+01)
([(0 3.936484648259174e+00)] -1.835907345435933e+01)
([(0 2.982684227844452e+00)] -1.910133426387816e+01)
([(0 -4.265002069449650e-01)] -4.541976028955862e+01)
([(0 2.376546519500266e+00)] -2.765424599345106e+01)
([(0 1.293356756095399e+00)] -3.104989573435562e+01)
([(0 6.908556115714148e-01)] -3.906927861419103e+01)
([(0 3.811288362447073e+00)] -2.021645093744442e+01)
([(0 4.491146357255928e-01)] -3.745350082164969e+01)
([(0 1.716487637695693e+00)] -2.808816751372948e+01)
([(0 1.805244133837633e+00)] -3.117985296362356e+01)
([(0 2.925329096877981e+00)] -2.003996131258503e+01)
([(0 -1.117944032671041e+00)] -4.996190339101864e+01)
([(0 5.001160651607179e-01)] -3.918215460014854e+01)
([(0 2.271288533368079e-01)] -3.829733495612734e+01)
([(0 3.860127055611720e+00)] -1.627793481631405e+01)
([(0 2.294978778120011e+00)] -2.288097530231926e+01)
([(0 1.858628390348066e+00)] -2.976671929778415e+01)
([(0 5.208311680878410e+00)] -2.182410065157702e+01)
([(0 2.168870720642701e+00)] -2.814382666642987e+01)
([(0 1.485203662437527e+00)] -2.840832004358101e+01)
([(0 1.151882171785658e+00)] -4.053961403462090e+01)
([(0 1.792790801764902e+00)] -2.677654185319205e+01)
([(0 8.560554766219539e-01)] -3.343863355878486e+01)
([(0 4.365561228801369e+00)] -1.319676737345807e+01)
([(0 4.448540407171080e+00)] -1.296250756846650e+01)
([(0 5.245320625122503e-01)] -3.686486910610598e+01)
([(0 4.741680545342717e+00)] -1.100451530885184e+01)
([(0 4.973804133751841e+00)] -9.101114060132497e+00)
([(0 1.740791633659342e+00)] -2.704515407519725e+01)
([(0 -1.163092161370685e-01)] -4.418397463371487e+01)
([(0 1.488335513612448e+00)] -2.807085107670840e+01)
([(0 -9.730982879166774e-01)] -4.996461101298647e+01)
([(0 -2.875439310182998e+00)] -7.412980644622559e+01)
([(0 -1.245075725086053e-02)] -4.753185932263169e+01)
([(0 2.320266579358211e+00)] -2.494238351429694e+01)
([(0 -1.689779168613015e-01)] -4.752283562829066e+01)
([(0 -2.341834694545426e-01)] -4.434951672276976e+01)
([(0 3.838889886928058e+00)] -1.854370166026513e+01)
([(0 -1.394819943598669e+00)] -5.936733470444137e+01)
([(0 -5.234270892575523e-01)] -4.668933129685638e+01)
([(0 3.784131423413299e+00)] -1.503231445661304e+01)
([(0 2.292822657495421e+00)] -2.669544159896275e+01)
([(0 3.307115563239520e+00)] -1.737755863230908e+01)
([(0 -2.563103065429743e+00)] -6.468135556806951e+01)
([(0 -1.990034801474373e+00)] -6.194635643980425e+01)
([(0 -3.373846328234116e+00)] -7.557098581314790e+01)
([(0 1.911603554908226e-02)] -4.724829772144103e+01)
([(0 -1.225323987866332e+00)] -5.294579001709076e+01)
([(0 3.171825859231710e+00)] -2.259923435672359e+01)
([(0 -1.820601521214101e+00)] -6.376797891976983e+01)
([(0 1.677769631987253e+00)] -2.708711702196112e+01)
([(0 -2.344098209217563e+00)] -6.230404040410027e+01)
([(0 1.803515284866862e+00)] -2.603477104798005e+01)
([(0 5.191339520713711e-02)] -5.696947770069745e+01)
([(0 3.250476242385872e+00)] -2.299194752415571e+01)
([(0 2.417679941671985e+00)] -2.418352441055023e+01)
([(0 3.481245477499918e+00)] -2.296944971129616e+01)
([(0 -5.725905359429163e+00)] -1.043048639343446e+02)
([(0 2.316858007332911e+00)] -2.825222900165367e+01)
([(0 3.634649639248742e+00)] -2.194090451915557e+01)
([(0 2.125941052329630e+00)] -2.972405881308473e+01)
([(0 1.492751721551173e+00)] -3.054791263718817e+01)
([(0 -1.420163736316226e+00)] -6.118012970768699e+01)
([(0 -2.343671507071186e+00)] -6.666801515712069e+01)
([(0 -1.459772809493273e+00)] -5.367617589681578e+01)
([(0 2.430118360826931e+00)] -2.454142057471027e+01)
([(0 1.566545404107245e+00)] -2.915892567246014e+01)
([(0 9.493146813045215e-01)] -3.604998634631754e+01)
([(0 4.692917667916895e+00)] -1.377398517842346e+01)
([(0 4.321237677492647e+00)] -2.028757001660457e+01)
([(0 -2.997276024169857e+00)] -6.953464993581389e+01)
([(0 7.458154067604994e-02)] -4.046135303997430e+01)
([(0 -1.218058896059553e+00)] -5.214448530771651e+01)
([(0 3.499638503153193e-01)] -3.694338359651310e+01)
([(0 -5.934326323193417e-01)] -5.948749241934742e+01)
([(0 3.757631903501888e+00)] -1.780646268376209e+01)
([(0 3.898948240666158e-01)] -3.662152226618681e+01)
([(0 2.304584707915922e+00)] -2.657290819157582e+01)
([(0 3.819325427990130e+00)] -2.096639732704092e+01)
([(0 2.699605966844416e+00)] -2.213722255633819e+01)
([(0 3.586723734531283e+00)] -1.597554421868824e+01)
([(0 2.125559985516190e+00)] -2.415674937032020e+01)
([(0 4.151054740277146e+00)] -1.811082533013179e+01)
([(0 1.058744224113610e+00)] -3.146494954858809e+01)
([(0 1.421677370541119e+00)] -3.079272695028016e+01)
([(0 1.769759753402766e-01)] -4.036028409723185e+01)
([(0 3.749105560448221e+00)] -1.519685540263315e+01)
([(0 -6.355918449311062e-01)] -4.538762924322629e+01)
([(0 2.569885049285425e+00)] -2.585081281602034e+01)
([(0 2.129231834516645e-01)] -4.064144349752839e+01)
([(0 3.117195151819182e+00)] -2.657344663153331e+01)
([(0 6.091568837108142e+00)] -9.348704642989723e+00)
([(0 4.143082959921237e+00)] -1.738623589167307e+01)
([(0 2.106844080255783e+00)] -2.937326593628247e+01)
([(0 -1.175273603787161e+00)] -5.805518759907331e+01)
([(0 2.510729636684353e+00)] -2.179499020885418e+01)
([(0 2.294692184978771e+00)] -2.940562461980056e+01)
([(0 3.492632138939733e+00)] -2.317369647774417e+01)
([(0 -2.314994354701128e-02)] -4.002712509899165e+01)
([(0 -3.594511226467688e+00)] -7.651544489112136e+01)
([(0 6.564998134026396e-01)] -3.552885994688535e+01)
([(0 3.884955040705975e-01)] -4.455017489791118e+01)
([(0 4.050986910146534e+00)] -1.511111859256814e+01)
([(0 -8.910966485098157e-01)] -7.297126961207823e+01)
([(0 -3.010229307328238e+00)] -7.041319823200882e+01)
([(0 2.585463386915158e+00)] -3.066211251779262e+01)
([(0 -2.285652065088897e-01)] -4.587615346424902e+01)
([(0 3.774585796502429e+00)] -1.989385262486773e+01)
([(0 2.397153241744334e+00)] -2.702158514155197e+01)
([(0 -7.928334921953990e-01)] -5.734197134519707e+01)
([(0 2.171765997652223e+00)] -3.551110122964398e+01)
([(0 5.396018903426118e+00)] -1.579810626757764e+01)
([(0 5.202934160300430e-01)] -3.687860479572954e+01)
([(0 -6.949429491503167e-01)] -5.022389494642837e+01)
([(0 4.269603832508295e-02)] -4.507775472342661e+01)
([(0 7.163310455428089e-01)] -3.404949758899841e+01)
([(0 2.642505705351937e+00)] -2.233065620903771e+01)
([(0 4.083232669856031e+00)] -1.367669761880954e+01)
([(0 -4.542009422528025e+00)] -8.831429822948368e+01)
([(0 4.426019762217592e-01)] -4.751013239599776e+01)
([(0 3.718702659795994e+00)] -1.534066376227730e+01)
([(0 2.530550203254975e+00)] -2.167742924860730e+01)
([(0 -2.905436422836480e+00)] -7.241141121435770e+01)
([(0 1.116169252423546e+00)] -3.543438091035766e+01)
([(0 2.458306177872139e+00)] -2.329616162111739e+01)
([(0 2.882607273224352e+00)] -2.025446892082105e+01)
([(0 3.388093411226798e+00)] -2.045347752404199e+01)
([(0 2.860669795914909e+00)] -2.142387619478114e+01)
([(0 2.872730784384800e+00)] -2.426598623007698e+01)
([(0 8.425064507432154e-01)] -3.413579002968244e+01)
([(0 -3.947760623987122e-01)] -4.469800879439180e+01)
([(0 -2.763995646449402e-01)] -4.470840554932390e+01)
([(0 1.296648842926295e+00)] -3.914834307910884e+01)
([(0 1.776904222414636e+00)] -2.642126481879588e+01)
([(0 9.668710551776556e-01)] -3.322696929569518e+01)
([(0 1.066763354809794e+00)] -3.619310446147804e+01)
([(0 1.477024503098534e+00)] -2.760757567249805e+01)
([(0 7.403604056073334e-01)] -4.021450157897640e+01)
([(0 8.445970268694794e-01)] -3.991588506105176e+01)
([(0 -8.776775516257658e-01)] -4.760890995799373e+01)
([(0 1.582171871661437e+00)] -3.039906360229405e+01)
([(0 2.046324694313576e+00)] -2.711565605144284e+01)
([(0 5.464504405911299e+00)] -8.565289185030425e+00)
([(0 1.522902421431738e-01)] -4.567401857597073e+01)
([(0 -1.222380838068212e+00)] -5.342642078626986e+01)
([(0 1.950153475800278e+00)] -2.528096993810428e+01)
([(0 -9.846133665208896e-01)] -4.937895333466680e+01)
([(0 2.055371319786730e-01)] -3.943891642520601e+01)
([(0 2.205969625250056e+00)] -2.379464958526549e+01)
([(0 -5.578617630407479e-02)] -4.593046818210983e+01)
([(0 2.229944266884814e+00)] -2.350218373041911e+01)
([(0 1.882034409465660e-02)] -3.967336669652423e+01)
([(0 5.240959082466503e-01)] -4.151731883821883e+01)
([(0 4.249996791509922e+00)] -1.295932975698292e+01)
([(0 3.354534719279265e+00)] -1.934673147264454e+01)
([(0 -2.585253389171100e-01)] -4.395185871518342e+01)
([(0 -1.283289234252102e+00)] -5.400707739243740e+01)
([(0 -2.478540419238449e+00)] -7.051137681926420e+01)
([(0 -9.185251409465067e-01)] -4.798943061134548e+01)
([(0 6.650334936222713e+00)] -6.942758243161636e+00)
([(0 5.720399526119358e+00)] -1.084303489067252e+01)
([(0 4.127749816820852e+00)] -1.860886481738382e+01)
([(0 -2.110840573374873e-01)] -4.163256568612195e+01)
([(0 -1.459580914711488e+00)] -5.318551199978312e+01)
([(0 -1.506801511864140e+00)] -6.812127403513510e+01)
([(0 3.684076322115523e+00)] -1.670022515944232e+01)
([(0 -6.021928889495598e-03)] -4.424628324031541e+01)
([(0 3.267140579962749e+00)] -1.758432565914316e+01)
([(0 8.877353719248617e-01)] -3.593731584827596e+01)
([(0 -8.271440328079649e-01)] -5.836590225991571e+01)
([(0 7.816439144818901e-01)] -3.477900704672875e+01)
([(0 -3.450293546431304e+00)] -7.479743348415630e+01)
([(0 1.083624863444150e+00)] -4.452197652051905e+01)
([(0 2.629821690453454e+00)] -2.747317286650937e+01)
([(0 1.841380825067802e+00)] -2.752721451653088e+01)
([(0 8.793085341891285e-01)] -3.492544285847083e+01)
([(0 1.608421294670187e+00)] -2.744753241577332e+01)
([(0 5.153717211415199e-01)] -4.275237798446609e+01)
([(0 2.636344861385162e+00)] -2.494154159535879e+01)
([(0 2.247930788873603e+00)] -2.408256082598088e+01)
([(0 -8.973487453873901e-01)] -5.400377453115418e+01)
([(0 4.249969465266510e+00)] -2.002941454146436e+01)
([(0 -8.530027816048928e-01)] -4.979731330591193e+01)
([(0 3.474353516960292e+00)] -1.652968956481254e+01)
([(0 3.101129740051483e+00)] -2.741805488856162e+01)
([(0 -1.093257343906210e+00)] -5.803174862011479e+01)
([(0 2.348374614509503e+00)] -3.093716316342950e+01)
([(0 -1.023858458962138e+00)] -5.506720482953180e+01)
([(0 9.618024809650407e-01)] -3.323059196961326e+01)
([(0 1.929383713851891e+00)] -2.541610504064378e+01)
([(0 4.353318058980093e+00)] -1.556555448758648e+01)
([(0 2.436149983290193e+00)] -2.450566357880674e+01)
([(0 1.383601450318800e+00)] -3.102007138314424e+01)
([(0 5.950372252480932e+00)] -7.216373476710950e+00)
([(0 5.882119462659922e+00)] -7.677126654698849e+00)
([(0 4.385418615713320e+00)] -1.370781606978892e+01)
([(0 2.877901891238245e+00)] -2.419948234801358e+01)
([(0 -1.659366459340767e+00)] -5.517741699526530e+01)
([(0 2.827619397425849e-01)] -3.857154341598172e+01)
([(0 -1.030883103668153e+00)] -5.027789788944970e+01)
([(0 2.745292223250502e+00)] -2.213154228079130e+01)
([(0 3.764447449526635e+00)] -1.512463434300476e+01)
([(0 -1.555777964840104e-01)] -3.619880745572601e+01)
([(0 2.078595850307551e+00)] -2.445476729598035e+01)
([(0 1.248900204895847e+00)] -3.137232594316297e+01)
([(0 8.678049439338835e-01)] -3.551322326711222e+01)
([(0 2.642508718080165e+00)] -2.439048024721976e+01)
([(0 6.902016677558080e-01)] -4.246023038933039e+01)
([(0 4.868032364610919e+00)] -1.107740253664602e+01)
([(0 1.345371766205034e+00)] -3.872240646328170e+01)
([(0 8.497063786967658e-01)] -3.302897505156577e+01)
([(0 -1.850454614281460e-02)] -4.080082972986555e+01)
([(0 1.169507171357935e+00)] -3.484179400278667e+01)
([(0 1.825154676457252e+00)] -2.601976896504821e+01)
([(0 -4.899578975439240e-01)] -4.808082042059330e+01)
([(0 2.431515709247812e+00)] -2.294263662024276e+01)
([(0 1.132455236494522e+00)] -3.035527319881459e+01)
([(0 7.332869595577094e-01)] -3.355349048446668e+01)
([(0 -7.963359242928902e-03)] -3.989891937082630e+01)
([(0 9.402820469979005e-01)] -4.512421843004080e+01)
([(0 -1.134236424206513e+00)] -5.092880776902176e+01)
([(0 2.825574516229437e+00)] -2.655772142994095e+01)
([(0 7.090970344152652e-01)] -3.594838877709453e+01)
([(0 5.050788222201497e+00)] -1.842372224186346e+01)
([(0 1.993690138854618e+00)] -2.499909153878699e+01)
([(0 2.421422013299619e-01)] -3.782035901313520e+01)
([(0 4.589631721636628e+00)] -1.316912013204952e+01)
([(0 3.716475097450264e+00)] -1.798139737625726e+01)
([(0 7.610508428337681e-02)] -4.474875626779807e+01)
([(0 -4.462520233234102e-02)] -4.272549587003591e+01)
([(0 2.872014205397782e+00)] -1.971318510331329e+01)
([(0 3.149668568285627e+00)] -2.110337181708318e+01)
([(0 3.952254759751099e-01)] -3.904502437787588e+01)
([(0 -5.667917581539115e-01)] -5.283766756513306e+01)
([(0 1.539154040464837e+00)] -2.803446249017795e+01)
([(0 -1.264394875411512e+00)] -5.473389601717558e+01)
([(0 -1.067157415448747e+00)] -6.135835353945237e+01)
([(0 3.699911560150149e+00)] -1.672613532643638e+01)
([(0 2.276273223909186e+00)] -2.809548497633988e+01)
([(0 -1.194856147609144e+00)] -5.567544259134925e+01)
([(0 2.359562931581479e+00)] -2.549361686937834e+01)
([(0 3.942168614074667e+00)] -1.858860924870654e+01)
([(0 2.871696079279644e-01)] -3.745272576846986e+01)
([(0 -3.854805216989966e+00)] -8.970841730703674e+01)
([(0 4.012570215794817e+00)] -2.531046735548557e+01)
([(0 -1.862156783861423e+00)] -5.889469525555851e+01)
([(0 3.315364398750376e-02)] -4.127395713214636e+01)
([(0 -1.362657224129755e+00)] -6.165832090673197e+01)
([(0 -2.128468630775757e+00)] -6.287076427371134e+01)
([(0 2.151037509258629e-01)] -3.804208308319384e+01)
([(0 4.228899866450973e+00)] -1.656916061440983e+01)
([(0 2.461595043122280e+00)] -2.208809747912001e+01)
([(0 -2.767803658829507e+00)] -7.217958924641354e+01)
([(0 -8.147894533083360e-01)] -5.116591141104975e+01)
([(0 1.834378995499499e+00)] -2.603968255028749e+01)
([(0 -3.233543818171597e+00)] -8.334307331252865e+01)
([(0 1.302962357493570e+00)] -2.969249619196717e+01)
([(0 5.015675491442551e-03)] -4.068754470801225e+01)
([(0 1.753655890833521e+00)] -2.822992498367023e+01)
([(0 -1.505685282953571e+00)] -6.153543417595077e+01)
([(0 2.853247813379873e+00)] -1.994943876848907e+01)
([(0 2.738283593451968e+00)] -2.441773342057778e+01)
([(0 -6.934734773928227e+00)] -1.284981498548260e+02)
([(0 1.252001935681172e+00)] -3.129870818725033e+01)
([(0 2.669852384826918e+00)] -2.411506389924581e+01)
([(0 1.721007385578517e+00)] -2.833940681776973e+01)
([(0 -9.774493650786980e-01)] -5.487353509014249e+01)
([(0 -3.353282277563494e-01)] -4.271312716573797e+01)
([(0 -6.248835946455955e-01)] -4.589623168434417e+01)
([(0 -1.207744128603984e+00)] -5.007296594905779e+01)
([(0 -1.466921042404600e+00)] -6.044210977561868e+01)
([(0 1.790056741292723e+00)] -2.503363014802871e+01)
([(0 1.521957088688069e+00)] -2.893843395868964e+01)
([(0 2.640095485230283e+00)] -2.114346088251361e+01)
([(0 1.466956404919117e+00)] -3.394219176315669e+01)
([(0 1.499172064867992e+00)] -3.513803509923861e+01)
([(0 -3.113782233382722e+00)] -7.380310860124280e+01)
([(0 3.297503690257670e+00)] -2.593415980650182e+01)
([(0 1.547448773147330e+00)] -3.111465336674381e+01)
([(0 1.411362724866542e+00)] -2.976743237731656e+01)
([(0 3.618899667525852e+00)] -1.942575225613955e+01)
([(0 1.261401204987429e+00)] -2.998996396355897e+01)
([(0 3.342811338404907e+00)] -2.084196906736275e+01)
([(0 4.070125981019885e+00)] -2.349595111610261e+01)
([(0 -3.808343226610418e+00)] -7.910061907161449e+01)
([(0 4.786313789986373e+00)] -1.144123355804602e+01)
([(0 3.132709457356313e-01)] -3.920018086196623e+01)
([(0 2.749064746961665e-01)] -4.394643091590783e+01)
([(0 2.409077033651599e+00)] -2.261070965754621e+01)
([(0 6.860483316727013e-01)] -3.451454113925577e+01)
([(0 2.840002353626531e+00)] -2.075638058519999e+01)
([(0 4.734118837152295e-01)] -3.867774278029900e+01)
([(0 3.897520355341705e+00)] -3.565035877081443e+01)
([(0 2.740831372344580e+00)] -2.257534787113227e+01)
([(0 -3.630187111357557e+00)] -8.056517087880090e+01)
([(0 3.892601920293664e+00)] -1.584728068096652e+01)
([(0 9.169468652074286e-01)] -4.030271344493619e+01)
([(0 -1.753283793782167e+00)] -5.956241087445638e+01)
([(0 2.451878130285131e+00)] -2.887992244329114e+01)
([(0 2.066570800324939e+00)] -2.828580873337246e+01)
([(0 3.876636720458009e+00)] -1.906853735406909e+01)
([(0 4.024562449819832e+00)] -2.700501392828841e+01)
([(0 -5.121947954320163e-01)] -4.668013185329139e+01)
([(0 -2.595992853470285e+00)] -6.690306803225795e+01)
([(0 2.215083179670373e+00)] -2.568891742351477e+01)
([(0 1.122805810326824e+00)] -3.164088173876993e+01)
([(0 -1.499761025764208e+00)] -5.358294288776068e+01)
([(0 -1.219076051945223e-01)] -4.912586537242271e+01)
([(0 8.316036605902895e-01)] -3.316645526351093e+01)
([(0 1.879509887621644e+00)] -3.324538701851971e+01)
([(0 -3.738802423666669e-01)] -4.415477675947328e+01)
([(0 -2.555737056402307e-02)] -4.071566784728775e+01)
([(0 2.785634301409971e+00)] -2.312795398866826e+01)
([(0 3.311560645284224e+00)] -1.991449224680198e+01)
([(0 1.661748979818398e+00)] -3.284148673458091e+01)
([(0 -7.304758973367029e-01)] -4.900758970548621e+01)
([(0 1.851000806417950e+00)] -2.711269303545312e+01)
([(0 1.501476499168817e-01)] -3.983777577744830e+01)
([(0 2.764263381076773e+00)] -2.434961975979358e+01)
([(0 -9.033902760076060e-01)] -4.876608052313767e+01)
([(0 -2.763543411218883e+00)] -6.713540272423246e+01)
([(0 -1.057840477264122e+00)] -4.929966104063919e+01)
([(0 -1.434932564088236e+00)] -5.294250013676812e+01)
([(0 4.500770204187816e-01)] -3.872774723114647e+01)
([(0 2.819083054643542e+00)] -2.106695172044838e+01)
([(0 -1.803758724918225e-03)] -4.445251570934980e+01)
([(0 2.669696746407325e+00)] -2.191523436573879e+01)
([(0 4.547376103455534e-01)] -4.309611083487798e+01)
([(0 -1.730066202807571e+00)] -5.672510865075922e+01)
([(0 3.078455336078392e-01)] -3.728458635628574e+01)
([(0 3.181604720929379e+00)] -1.932209227896626e+01)
([(0 -2.752291826841244e+00)] -6.677322398540778e+01)
([(0 3.207984933997487e+00)] -1.917878487526517e+01)
([(0 -1.768906654778597e+00)] -7.041185987774440e+01)
([(0 1.185763457901004e+00)] -3.053571783739985e+01)
([(0 4.751485396606938e-01)] -3.762759951027519e+01)
([(0 1.502676333582308e+00)] -3.424933314199275e+01)
([(0 2.771308197609038e+00)] -2.028048621242166e+01)
([(0 5.185012805633491e-01)] -4.171830922993166e+01)
([(0 -3.979253034811450e-01)] -4.804638695749773e+01)
([(0 6.074858640927239e+00)] -7.400190833853703e+00)
([(0 3.370348575508828e-01)] -4.341820060588311e+01)
([(0 5.953032086826077e+00)] -9.562644665169476e+00)
([(0 -9.182713806063276e-01)] -5.806294454270295e+01)
([(0 -4.747768731943104e+00)] -9.368722220284650e+01)
([(0 3.675911139437282e+00)] -1.696352501554097e+01)
([(0 -6.031557309149633e-01)] -4.610484258373168e+01)
([(0 1.677793896550028e+00)] -2.837566573149130e+01)
([(0 1.251353643574404e-01)] -4.141363623667669e+01)
([(0 1.363278687518253e+00)] -2.861229898960597e+01)
([(0 1.384225863795280e+00)] -3.285651232206816e+01)
([(0 -9.172997542463577e-01)] -4.894961134611339e+01)
([(0 3.671945813684410e+00)] -1.652024831348709e+01)
([(0 -4.917128423804513e-01)] -4.533671509085875e+01)
([(0 1.180006042082304e+00)] -3.189667931072428e+01)
([(0 3.353182176945978e+00)] -2.145242574980460e+01)
([(0 -4.963446420268198e-01)] -5.006374466987741e+01)
([(0 -5.894479205947860e-01)] -4.497081353890215e+01)
([(0 8.038332633107117e+00)] -8.089311284466246e+00)
([(0 -5.145155998802409e-02)] -4.413949872251868e+01)
([(0 3.253776238760892e+00)] -1.765380439048768e+01)
([(0 -1.615745831242990e-01)] -4.739106315323990e+01)
([(0 1.185197746544361e+00)] -3.261662170460233e+01)
([(0 6.358559468819678e-01)] -4.227584377344373e+01)
([(0 -1.098466791852921e+00)] -5.067453939791750e+01)
([(0 5.111879535875801e-01)] -5.265827444598645e+01)
([(0 -3.475977831846748e-01)] -4.596677600095903e+01)
([(0 2.975033536553923e+00)] -2.129729942672075e+01)
([(0 1.455221020166974e+00)] -3.653155487308531e+01)
([(0 -2.404032650523583e+00)] -6.967591060559067e+01)
([(0 4.128177790120596e+00)] -1.438225948733042e+01)
([(0 1.678793005152166e+00)] -2.873862352587522e+01)
([(0 -5.508455892077080e+00)] -1.069649678868231e+02)
([(0 1.014753844505833e+00)] -3.382655063108115e+01)
([(0 -6.147300343319912e-01)] -5.011148735486532e+01)
([(0 -3.449004584142010e+00)] -8.228423447750697e+01)
([(0 -5.729428304379525e-02)] -4.031620659554321e+01)
([(0 -2.396758211040954e+00)] -6.511764173591345e+01)
([(0 -1.251089964727463e+00)] -5.114893579237766e+01)
([(0 2.532450053452749e+00)] -2.166618116767866e+01)
([(0 -2.748722732358686e+00)] -6.673343257365138e+01)
([(0 2.413773897073916e+00)] -2.249827117660247e+01)
([(0 2.013515888961848e+00)] -3.139036757754815e+01)
([(0 2.854615799304334e+00)] -2.598160738558869e+01)
([(0 -2.334714323914966e-01)] -4.430294975515367e+01)
([(0 7.400836803667659e-01)] -3.386646525816404e+01)
([(0 9.558463190517443e-01)] -3.354369313192413e+01)
([(0 7.675706871125456e-01)] -3.365535385471708e+01)
([(0 -1.482598448971466e+00)] -5.463046470833655e+01)
([(0 1.495442416777593e-02)] -4.168908089278124e+01)
([(0 1.181491624703185e+00)] -3.398171750935779e+01)
([(0 8.009461843061132e-01)] -3.785014517042682e+01)
([(0 3.992420059711250e+00)] -2.976704291610917e+01)
([(0 1.828449303894281e+00)] -2.607889922403591e+01)
([(0 3.610932511052837e+00)] -1.585779717290355e+01)
([(0 1.792339825854633e+00)] -2.895095636196659e+01)
([(0 3.597780204603133e+00)] -1.957186172983263e+01)
([(0 1.302014097698972e+00)] -2.998928363901882e+01)
([(0 2.139437134533551e+00)] -2.507113072112550e+01)
([(0 2.545433345898651e+00)] -3.139785867116483e+01)
([(0 8.470358284853887e-01)] -3.431718640719409e+01)
([(0 2.830924161764791e+00)] -1.994344257256441e+01)
([(0 -2.031590021678845e+00)] -7.507837247611869e+01)
([(0 5.299731949051221e+00)] -1.030934207053598e+01)
([(0 3.944941614405053e-01)] -4.775492674304911e+01)
([(0 -8.105983636238250e-01)] -5.747550577925127e+01)
([(0 -7.309023495861027e-01)] -5.064786094283434e+01)
([(0 -1.803996079077059e+00)] -6.570979034666625e+01)
([(0 1.108251684780662e+00)] -3.820697092413491e+01)
([(0 7.204835966622625e-01)] -3.988197009532597e+01)
([(0 2.427794780984343e+00)] -2.905318325708055e+01)
([(0 -3.261025987345931e-01)] -4.263236595170920e+01)
([(0 2.451307690873811e+00)] -2.470591156238541e+01)
([(0 9.497865637780620e-01)] -3.480817263206510e+01)
([(0 1.852970611210203e+00)] -2.650622202772715e+01)
([(0 2.253790839678494e+00)] -2.335416199386542e+01)
([(0 4.567996691990984e+00)] -2.009786794283219e+01)
([(0 2.689421698505832e+00)] -2.643803635652424e+01)
([(0 -4.777670470123141e-01)] -4.397072934083265e+01)
([(0 -1.191018045818659e+00)] -5.802915327961840e+01)
([(0 -3.061908084892337e-01)] -4.718182466181054e+01)
([(0 3.154604612072525e+00)] -1.905336741856819e+01)
([(0 -1.281630099147364e-01)] -4.446769445431588e+01)
([(0 5.822005665351476e+00)] -7.550043250163283e+00)
([(0 2.006185798949346e+00)] -2.623781619605244e+01)
([(0 -2.660587503461663e+00)] -6.822871903974735e+01)
([(0 2.435336240600968e+00)] -2.851038490283090e+01)
([(0 2.164935970328429e+00)] -3.783818562566438e+01)
([(0 4.585136102472660e-01)] -3.729010626012219e+01)
([(0 3.278827229791020e+00)] -2.347543609634204e+01)
([(0 1.009717541841084e-01)] -4.737422251629255e+01)
([(0 9.538635577334844e-01)] -5.017363239354705e+01)
([(0 3.779367084156988e+00)] -1.930883429339698e+01)
([(0 -1.726087746787890e+00)] -6.588507087295379e+01)
([(0 4.736967836948402e+00)] -1.539358198856686e+01)
([(0 -2.850799701195342e+00)] -7.229568473363381e+01)
([(0 6.263363268208238e+00)] -6.471173605101903e+00)
([(0 3.077756585943582e+00)] -1.926772672402699e+01)
([(0 1.194921272051900e+00)] -4.953626076136463e+01)
([(0 2.444192784376618e+00)] -2.219248200478589e+01)
([(0 2.415892622114178e+00)] -2.278613705886306e+01)
([(0 4.341137184592448e+00)] -1.624415097482316e+01)
([(0 -9.249190147398849e-01)] -5.015123695141107e+01)
([(0 1.100014515804112e+00)] -3.209428475670630e+01)
([(0 2.531278703070420e+00)] -2.264717159565038e+01)
([(0 2.963052280361140e+00)] -1.920898682294193e+01)
([(0 5.265386116173403e-01)] -3.683284164177144e+01)
([(0 -4.959895785774009e-01)] -6.039880316549613e+01)
([(0 1.724560873146906e+00)] -2.690714856118313e+01)
([(0 3.610524823313952e+00)] -1.717753815841427e+01)
([(0 3.302801955617937e+00)] -1.739979423377693e+01)
([(0 -3.557224072898890e-02)] -4.036039359231705e+01)
([(0 2.693651190200441e+00)] -2.605160488021302e+01)
([(0 -1.085761937088087e+00)] -6.156008441347478e+01)
([(0 -1.822933611601130e-01)] -5.892135610093660e+01)
([(0 6.756970030152516e-01)] -4.170812342728264e+01)
([(0 7.589610322552218e-01)] -3.372139906217382e+01)
([(0 1.840597187533206e+00)] -2.599859523865319e+01)
([(0 -1.912614663956113e+00)] -6.066088860295078e+01)
([(0 -2.555262356885116e+00)] -6.568274428203230e+01)
([(0 5.010776349617629e+00)] -1.520030646849079e+01)
([(0 4.550049759766232e+00)] -1.632104093405265e+01)
([(0 1.855898598787377e+00)] -2.645844155365638e+01)
([(0 2.628668569338984e+00)] -2.110119189330569e+01)
([(0 1.886959642231147e-01)] -3.933557305569920e+01)
([(0 8.329479207495822e-01)] -4.283774674678821e+01)
([(0 1.953571659396168e+00)] -2.525877100516980e+01)
([(0 -2.065981500450057e+00)] -6.066934780066727e+01)
([(0 3.916037995746322e-01)] -3.789479137603498e+01)
([(0 -2.450193609791128e+00)] -6.679776478110836e+01)
([(0 7.436558810782827e-01)] -4.056127751608442e+01)
([(0 6.099167440489452e-01)] -3.859041240279625e+01)
([(0 2.878431672636836e+00)] -1.967737427610665e+01)
([(0 4.212402884230436e+00)] -1.638711267408235e+01)
([(0 9.282515900563695e-01)] -3.532656532487927e+01)
([(0 -1.676652336530125e+00)] -5.666030244434364e+01)
([(0 -1.951849505904377e-01)] -5.083627506609787e+01)
([(0 3.761133531968738e+00)] -2.323786794851577e+01)
([(0 3.319872807361833e+00)] -2.049291242723631e+01)
([(0 2.978124850479425e+00)] -2.191767240098471e+01)
([(0 3.845810889297709e+00)] -1.903399747968131e+01)
([(0 -1.042343520401211e+00)] -5.437915283119490e+01)
([(0 3.438259604765221e+00)] -1.835221040454081e+01)
([(0 4.865534114142221e+00)] -1.054984096347440e+01)
([(0 1.766807542955767e+00)] -2.911666630993693e+01)
([(0 -5.453391935062228e-01)] -4.876377850759592e+01)
([(0 4.916746785566922e+00)] -1.456990693968947e+01)
([(0 1.445208009771768e+00)] -3.243915631860731e+01)
([(0 1.697273971004655e+00)] -3.157092340873226e+01)
([(0 8.204735630381847e-01)] -3.837610290533394e+01)
([(0 3.193685993322262e+00)] -1.792838195395385e+01)
([(0 -5.961930674766364e+00)] -1.126896137647015e+02)
([(0 2.892804984816642e+00)] -2.086061883537809e+01)
([(0 1.068760022177862e+00)] -3.397208267550172e+01)
([(0 1.435747155133548e+00)] -2.861057270964385e+01)
([(0 2.786319185662656e+00)] -2.722320108145556e+01)
([(0 2.413544318013365e+00)] -2.475281449761324e+01)
([(0 4.491944865323838e+00)] -1.414864746409843e+01)
([(0 4.467397487104563e-04)] -4.375263389622124e+01)
([(0 -9.771476338867018e-01)] -4.837202916743649e+01)
([(0 -3.151396055141880e+00)] -7.383224641731974e+01)
([(0 -1.189343062442703e+00)] -5.216006828494343e+01)
([(0 -1.554335610926216e-01)] -4.334611498435358e+01)
([(0 4.489642721753945e+00)] -1.197665792518245e+01)
([(0 -1.160757620084851e-01)] -4.081658084706427e+01)
([(0 4.971724760922740e-01)] -3.631844537870844e+01)
([(0 6.916834580042845e-01)] -4.473062217177187e+01)
([(0 -1.097588363589551e+00)] -5.006092778308209e+01)
([(0 5.903320756364835e+00)] -1.079499801565428e+01)
([(0 3.839666360178278e+00)] -1.672781159706737e+01)
([(0 6.174061774735222e+00)] -7.737231413018791e+00)
([(0 -1.522853044976465e+00)] -6.018350565338987e+01)
([(0 2.350077906354528e+00)] -2.704172884764088e+01)
([(0 2.735581933234393e+00)] -2.640540795466902e+01)
([(0 2.340179154792651e+00)] -3.200385269068708e+01)
([(0 3.998384362308926e+00)] -1.656926181328816e+01)
([(0 -5.925285655083670e-01)] -4.771254451340362e+01)
([(0 1.495868269380260e+00)] -3.315425928985842e+01)
([(0 2.904786511849515e+00)] -2.530519405138589e+01)
([(0 2.707322635986742e+00)] -2.222868825445378e+01)
([(0 1.095398409266600e+00)] -3.176487428242842e+01)
([(0 1.761544968174597e+00)] -3.301389930216003e+01)
([(0 4.947677774691989e+00)] -1.156082163291025e+01)
([(0 1.996653757661711e+00)] -2.811185841938985e+01)
([(0 1.634348507684130e+00)] -3.191872785922398e+01)
([(0 -1.184296642533958e+00)] -5.236796803174883e+01)
([(0 -3.006540337383399e-01)] -4.532838084710612e+01)
([(0 -1.969294213439667e-01)] -4.274857311113048e+01)
([(0 -2.569918366486249e+00)] -6.475609768737974e+01)
([(0 5.030784767872547e+00)] -9.966843506246857e+00)
([(0 2.980597679903646e+00)] -1.911275780959662e+01)
([(0 -1.545360027099463e-01)] -4.114582267415921e+01)
([(0 5.096470954928591e+00)] -1.496337974954732e+01)
([(0 2.156326860168818e+00)] -3.269016519367621e+01)
([(0 3.450620222981826e+00)] -1.906734820708380e+01)
([(0 2.546199750792482e+00)] -2.240617113877729e+01)
([(0 4.497453265065126e+00)] -1.355170211141801e+01)
([(0 -3.209701447146429e-01)] -4.258747288965667e+01)
([(0 2.190336600863453e+00)] -2.784876323221464e+01)
([(0 4.123501768311463e+00)] -1.331040802689435e+01)
([(0 3.592214903542249e+00)] -2.439378539629143e+01)
([(0 -1.690832284053840e-01)] -4.251472550962143e+01)
([(0 3.400063408937861e+00)] -2.340530688462683e+01)
([(0 -2.327192634896988e+00)] -6.337075864097503e+01)
([(0 3.706881842215033e+00)] -1.670259355065479e+01)
([(0 -2.552566590450184e+00)] -7.657254782254272e+01)
([(0 5.205288781795829e-01)] -3.557958254024899e+01)
([(0 2.458270631647572e+00)] -2.694583276238837e+01)
([(0 5.444860097368490e+00)] -1.727589398872277e+01)
([(0 9.298706522347615e-01)] -3.865970202066986e+01)
([(0 -2.061297221053920e+00)] -6.247314930285467e+01)
([(0 2.755718867296046e+00)] -2.158365110013364e+01)
([(0 -8.688001221707893e-01)] -5.615888967222470e+01)
([(0 2.347106783747869e+00)] -2.408121443328399e+01)
([(0 3.569081463551171e-01)] -4.107255079370391e+01)
([(0 1.197045854036674e+00)] -3.045395183823306e+01)
([(0 -1.229751230731331e+00)] -5.201339947968891e+01)
([(0 -9.861811346813525e-01)] -4.875259689332332e+01)
([(0 -2.601936379891690e+00)] -6.823623571229545e+01)
([(0 6.391182791770689e-01)] -3.714475113425760e+01)
([(0 2.618543811186683e+00)] -2.246689303441176e+01)
([(0 -9.452961435509266e-01)] -4.945434116442452e+01)
([(0 -5.525908244517197e-01)] -4.463939931181114e+01)
([(0 5.359346867481101e+00)] -1.347566645443769e+01)
([(0 -1.231720293402113e+00)] -5.255457016561939e+01)
([(0 1.450877556324784e+00)] -3.156777683347912e+01)
([(0 -8.384536954808510e-01)] -5.197619101320821e+01)
([(0 1.455716154241962e+00)] -3.141496348825574e+01)
([(0 6.386530901279919e+00)] -6.204512777046654e+00)
([(0 4.742216241937271e+00)] -1.713522328650661e+01)
([(0 8.380498091573045e-01)] -3.927765418131182e+01)
([(0 -1.220597645993777e-01)] -4.576235728785769e+01)
([(0 4.474511881054468e+00)] -1.468434675406887e+01)
([(0 -4.844300892799161e+00)] -9.419438306598647e+01)
([(0 1.666750344390053e+00)] -3.066868535971769e+01)
([(0 5.735453184718793e-01)] -3.610638270728696e+01)
([(0 -5.360348390228893e-01)] -4.510808938667250e+01)
([(0 4.982919666910888e+00)] -1.440044935873969e+01)
([(0 9.682662183003643e-01)] -3.213659814779226e+01)
([(0 2.882252003876545e+00)] -2.179881953307719e+01)
([(0 4.836560992822797e+00)] -1.065484240073472e+01)
([(0 -8.350396148888564e-01)] -4.761818429489740e+01)
([(0 -8.562608390943183e-02)] -4.300714873157649e+01)
([(0 -1.945561663566593e+00)] -5.876322680712545e+01)
([(0 -2.871903373319491e+00)] -7.080517261814114e+01)
([(0 -1.742026760828622e+00)] -5.802826513264229e+01)
([(0 -8.757604394006364e-01)] -5.283749746771946e+01)
([(0 2.501264132813326e+00)] -2.878471554431684e+01)
([(0 -8.455264985914823e-02)] -4.808993450179955e+01)
([(0 4.836191306338335e-01)] -3.839885544132810e+01)
([(0 3.274565793546927e+00)] -3.059921612032993e+01)
([(0 -2.053752703565912e+00)] -6.259038320570146e+01)
([(0 -1.074250737636298e+00)] -4.917131711621096e+01)
([(0 3.700901198599141e+00)] -1.542529099636230e+01)
([(0 -1.662782977107554e+00)] -5.719760060635811e+01)
([(0 2.442077455206885e+00)] -2.840595752496630e+01)
([(0 1.151330622094271e+00)] -4.296175434734538e+01)
([(0 4.872221186933217e+00)] -1.385377329704284e+01)
([(0 1.998074201029176e+00)] -2.521142318743157e+01)
([(0 7.069712394583121e-01)] -3.412177550385415e+01)
([(0 2.638335000785183e+00)] -2.602362308402650e+01)
([(0 8.011910310377388e-01)] -3.540495190664225e+01)
([(0 4.579697764211829e+00)] -1.307825596557139e+01)
([(0 -8.177077959526997e-01)] -4.963611331612860e+01)
([(0 -4.772644798332237e-02)] -4.023508457233439e+01)
([(0 -3.475580421288178e+00)] -9.611718886935677e+01)
([(0 -1.982041074906995e+00)] -5.847797560919760e+01)
([(0 5.464660742870244e+00)] -8.564817561036854e+00)
([(0 2.914807842728337e+00)] -2.405870242779885e+01)
([(0 -1.761563839596434e-01)] -4.314816530412877e+01)
([(0 1.753438622322221e+00)] -2.579050984405889e+01)
([(0 1.491342413152381e+00)] -3.091605689144355e+01)
([(0 -1.155286270239479e+00)] -5.442484676173379e+01)
([(0 -9.334331096376758e-02)] -4.872549098992144e+01)
([(0 -7.665222804998137e-01)] -4.658179139665254e+01)
([(0 -1.597987337816704e-01)] -4.292746552367046e+01)
([(0 -5.785112640252876e-01)] -4.468332481967117e+01)
([(0 -4.525875477417699e+00)] -9.330432348400242e+01)
([(0 6.452686682072773e+00)] -6.067482971046868e+00)
([(0 1.450835702038638e+00)] -3.166762074028586e+01)
([(0 -4.704380260819718e-01)] -5.528076774417363e+01)
([(0 2.552693549686609e+00)] -2.253239363995851e+01)
([(0 1.272238268193746e-01)] -4.601252079340609e+01)
([(0 4.717237079305775e+00)] -1.076199870668233e+01)
([(0 -2.013321558283444e+00)] -6.725525389434827e+01)
([(0 1.485410502418816e+00)] -3.076368400239464e+01)
([(0 2.387455213085907e+00)] -2.518618753840814e+01)
([(0 -4.656788795360228e+00)] -9.281210339581538e+01)
([(0 1.539340865280742e+00)] -2.803317286500889e+01)
([(0 4.930335974294863e+00)] -1.679360065758087e+01)
([(0 7.409271212680153e-01)] -3.498314637918899e+01)
([(0 4.787977295477361e+00)] -1.266049396595905e+01)
([(0 5.037128896843512e-01)] -3.694356200948847e+01)
([(0 4.779348766668221e-01)] -4.296543502225253e+01)
([(0 1.653824008715148e-01)] -4.107773240385522e+01)
([(0 5.660285331229595e+00)] -7.993631306259923e+00)
([(0 3.948299137541866e-01)] -4.018903031862888e+01)
([(0 1.720152290803867e+00)] -2.680125696561576e+01)
([(0 1.005846701211681e+00)] -3.402756631903313e+01)
([(0 2.130593131939072e+00)] -3.498996891488792e+01)
([(0 2.563151352318975e+00)] -2.800810146893069e+01)
([(0 -3.117676755407985e+00)] -7.700637906461914e+01)
([(0 3.285655959498960e+00)] -2.044957502343296e+01)
([(0 1.512723248837489e+00)] -2.821725873536207e+01)
([(0 2.168019602503108e+00)] -2.606867505475911e+01)
([(0 3.701675935973157e-01)] -3.923150694702754e+01)
([(0 2.431060529788034e+00)] -2.620043726031803e+01)
([(0 2.508299029813244e+00)] -2.769128779189616e+01)
([(0 6.054050083345778e+00)] -1.358489769433623e+01)
([(0 -7.789845562172459e-01)] -4.669633904044717e+01)
([(0 1.557295826698862e+00)] -2.841589507057462e+01)
([(0 8.415768032929805e-02)] -4.515251514998627e+01)
([(0 5.173724498498323e+00)] -1.255240161854679e+01)
([(0 3.542351879458536e-01)] -3.690887933399798e+01)
([(0 -1.111880718172102e-01)] -4.366057932586206e+01)
([(0 3.659606257100023e-02)] -4.000605996174679e+01)
([(0 5.080422638765988e+00)] -9.797003041493197e+00)
([(0 -1.907350500997865e+00)] -6.395524717755465e+01)
([(0 1.927509487335684e+00)] -2.542832040098128e+01)
([(0 9.927478576836819e-01)] -3.195406297575563e+01)
([(0 3.051084604282806e+00)] -1.815065802520121e+01)
([(0 -4.246760406072404e+00)] -8.454241757218584e+01)
([(0 2.791105473789095e+00)] -2.435207784931239e+01)
([(0 9.265250197720363e-01)] -3.375632436796482e+01)
([(0 3.896050969993759e+00)] -2.083742698632184e+01)
([(0 3.275019207891958e+00)] -2.009288810840262e+01)
([(0 1.344869971046712e+00)] -3.524868128648410e+01)
([(0 7.681680721158486e-01)] -4.234293156696212e+01)
([(0 2.325992182538457e+00)] -2.511706968580019e+01)
([(0 -6.749660297728042e-01)] -4.694691885673893e+01)
([(0 5.121918672768885e+00)] -2.129715062750920e+01)
([(0 1.174441867004376e+00)] -3.454199595912857e+01)
([(0 -4.703700436442659e-02)] -4.423865448847094e+01)
([(0 -1.029205371037094e+00)] -5.242471368296376e+01)
([(0 4.267489505719148e+00)] -1.924507580730119e+01)
([(0 1.881121811709988e+00)] -2.966738749708037e+01)
([(0 -1.717514122600001e+00)] -5.775079957632018e+01)
([(0 1.093950039274183e+00)] -3.120579518512688e+01)
([(0 2.747014968794474e+00)] -2.127706134553758e+01)
([(0 2.920233061345101e+00)] -2.241877585145188e+01)
([(0 2.574309804224342e-01)] -4.316271297107160e+01)
([(0 1.657287126853944e+00)] -3.465738190220111e+01)
([(0 2.284821123135060e+00)] -2.671618490834138e+01)
([(0 3.255495979132803e-01)] -4.599344529107174e+01)
([(0 -2.185358238806224e+00)] -6.061057465981413e+01)
([(0 2.382116872894549e+00)] -2.256727617765808e+01)
([(0 -1.472734140287166e+00)] -5.461013093908611e+01)
([(0 2.481636411613110e+00)] -2.196825416723423e+01)
([(0 2.738304375628978e+00)] -2.046858914361800e+01)
([(0 3.349805665553447e+00)] -2.261835978461363e+01)
([(0 4.584103163033561e+00)] -1.675126554795331e+01)
([(0 5.532532527366200e+00)] -1.073857343522228e+01)
([(0 2.498506003206863e+00)] -2.437135786624627e+01)
([(0 1.990326078261880e+00)] -2.891096085716706e+01)
([(0 -1.377434163798718e+00)] -5.078583007733674e+01)
([(0 -3.692245443553546e-01)] -4.892538104081662e+01)
([(0 1.210950977953416e+00)] -3.939921412947736e+01)
([(0 2.641430795091914e+00)] -2.102694136710972e+01)
([(0 1.709308853399349e-01)] -4.212025007784451e+01)
([(0 1.412765599051063e+00)] -3.222428602145804e+01)
([(0 5.588705902449647e-01)] -4.047688473224179e+01)
([(0 -1.558589148757861e+00)] -5.547152504501219e+01)
([(0 1.364324538191113e-01)] -3.869132946134521e+01)
([(0 3.234476887400476e+00)] -1.724997164440002e+01)
([(0 3.401334830311953e-01)] -3.826525516518942e+01)
([(0 2.121508909041168e+00)] -2.590865362187820e+01)
([(0 -1.184766446567416e+00)] -5.770631536305638e+01)
([(0 -1.194321652535955e+00)] -5.156126498708949e+01)
([(0 -6.362089337634487e-01)] -6.156216248229048e+01)
([(0 -1.723168309274676e+00)] -6.214925165207491e+01)
([(0 -3.869742244620085e-01)] -4.731122110138639e+01)
([(0 3.733872814111599e+00)] -1.574885392570414e+01)
([(0 1.301714486046393e+00)] -2.970140274532283e+01)
([(0 1.962337341633372e+00)] -2.524103407350051e+01)
([(0 2.359116301050491e+00)] -3.308129273264476e+01)
([(0 1.849240500179313e+00)] -3.452944868303605e+01)
([(0 9.544177350798506e-01)] -3.565070486610542e+01)
([(0 5.085231076707757e-01)] -3.827226061041048e+01)
([(0 -2.530700056388504e+00)] -6.792308003943387e+01)
([(0 -5.180112453794763e-01)] -5.295882000032827e+01)
([(0 -3.464544215666045e+00)] -8.231274448708317e+01)
([(0 -9.535027431648189e-01)] -5.294233951543514e+01)
([(0 4.736096999073318e+00)] -1.457318729920786e+01)
([(0 -1.377650097445972e+00)] -5.829287419248313e+01)
([(0 3.616748732635472e+00)] -2.284576968936718e+01)
([(0 1.656288325131065e+00)] -3.281963418288872e+01)
([(0 3.331303801082946e+00)] -2.060428197018158e+01)
([(0 -4.162381563331856e+00)] -8.624458825862619e+01)
([(0 2.216676959592355e+00)] -2.627509243575270e+01)
([(0 -9.971788868713318e-01)] -5.373992881877678e+01)
([(0 5.441889776797275e+00)] -1.857493942877754e+01)
([(0 1.799395611962836e+00)] -2.566986094197467e+01)
([(0 2.784649694244465e+00)] -2.410171252072114e+01)
([(0 -5.461248491102978e+00)] -1.034783534221507e+02)
([(0 6.104642752932321e-01)] -3.698706780507733e+01)
([(0 2.098213141357185e+00)] -2.871292397626281e+01)
([(0 -6.445410187293490e-01)] -4.851325121613287e+01)
([(0 -4.829148620478769e+00)] -9.206527867520128e+01)
([(0 1.982948114267387e+00)] -3.425782476551908e+01)
([(0 -1.414917124522276e+00)] -5.568272317983829e+01)
([(0 1.089103608301201e+00)] -3.338883995764564e+01)
([(0 2.989502943027730e+00)] -1.906403285128260e+01)
([(0 -3.610206393716041e+00)] -7.838424608363995e+01)
([(0 2.479601912988215e+00)] -2.198040192080286e+01)
([(0 1.524340516687808e+00)] -2.813682813376953e+01)
([(0 2.425418390396800e+00)] -2.230543326489653e+01)
([(0 1.446436322971920e+00)] -3.093898603180001e+01)
([(0 -1.306605776148508e+00)] -5.495763399377016e+01)
([(0 2.263439009887023e-01)] -4.272201901847022e+01)
([(0 -1.413976087632626e+00)] -5.503669477137660e+01)
([(0 1.831457030444724e+00)] -2.605900294022634e+01)
([(0 7.380415253071035e-01)] -4.501852005932895e+01)
([(0 1.828319513365123e+00)] -3.162849581868736e+01)
([(0 1.299291273122975e+00)] -3.750601229866277e+01)
([(0 2.711980143800190e-01)] -3.890236507420691e+01)
([(0 2.525106029159360e+00)] -2.170968132424609e+01)
([(0 2.198358220846757e+00)] -2.536458363478826e+01)
([(0 -4.498984999929192e-01)] -4.443867867415139e+01)
([(0 -3.855712954036150e-01)] -4.315443408581859e+01)
([(0 1.380171018562670e+00)] -2.914442580368421e+01)
([(0 1.302693024348699e+00)] -3.005776618695439e+01)
([(0 2.285929242417907e+00)] -3.103838433916199e+01)
([(0 2.250618360140805e+00)] -3.869299612246776e+01)
([(0 6.030637747135970e-01)] -3.775897030043738e+01)
([(0 2.607712095851227e-01)] -3.756847994917750e+01)
([(0 -8.413281026847130e-02)] -4.223142701279895e+01)
([(0 6.889053900904649e+00)] -7.312185977671436e+00)
([(0 -4.226970744077128e+00)] -8.780378500488013e+01)
([(0 -2.984738139296013e+00)] -7.102370388334224e+01)
([(0 1.913391666615325e+00)] -2.722384060184104e+01)
([(0 -2.203543090570648e-01)] -4.171266228768766e+01)
([(0 2.389702518400696e+00)] -2.435156987008297e+01)
([(0 -4.287906470494107e-02)] -4.387537839867808e+01)
([(0 -8.133970001714772e-01)] -4.975722332855398e+01)
([(0 6.004049723214550e+00)] -7.578098427518517e+00)
([(0 2.620263101991036e+00)] -2.115018290989876e+01)
([(0 2.599642915769344e+00)] -1.918803744155847e+01)
([(0 3.503719143256582e+00)] -2.522904142227974e+01)
([(0 1.013662119251748e+00)] -4.009842864332374e+01)
([(0 -1.313821762991289e+00)] -5.565006637048128e+01)
([(0 1.187351355309218e+00)] -3.538684460199378e+01)
([(0 4.004113248016743e+00)] -1.402667501833585e+01)
([(0 -1.541564971379799e+00)] -5.850211433539292e+01)
([(0 -2.988847641890189e+00)] -7.241211749662776e+01)
([(0 3.637382044714066e+00)] -1.704770863726950e+01)
([(0 2.267720707600262e+00)] -2.259859754052920e+01)
([(0 2.514060319951000e+00)] -3.622005510052015e+01)
([(0 1.759488163847116e+00)] -2.877150512527551e+01)
([(0 4.080230580181237e-01)] -3.647592162684379e+01)
([(0 -3.618676004634125e-01)] -4.761905951578289e+01)
([(0 -1.725719805739743e+00)] -6.373512771432408e+01)
([(0 5.334435897151053e+00)] -1.334466264961173e+01)
([(0 9.032270900071424e-01)] -3.382499396736340e+01)
([(0 5.397947831092793e-01)] -3.922378615518345e+01)
([(0 2.522397916317423e+00)] -2.486911948699921e+01)
([(0 2.154645944577233e+00)] -2.397327503811440e+01)
([(0 2.186932825911427e+00)] -2.460632769735106e+01)
([(0 -3.729254715708308e-01)] -4.304312495099355e+01)
([(0 4.067448597200183e+00)] -1.505079492055577e+01)
