([(0 3.455725200602231e+00)] -2.076085289783327e+01)
([(0 2.531397045155060e+00)] -2.469658907565179e+01)
([(0 -2.186671566462820e+00)] -6.267691134451388e+01)
([(0 4.163448706551684e+00)] -1.386284153903924e+01)
([(0 -4.677765636621061e-01)] -4.575288894272768e+01)
([(0 -3.537572950703378e+00)] -7.786995835050749e+01)
([(0 -2.472479491544405e+00)] -6.493075657262426e+01)
([(0 3.172210546921967e+00)] -2.033538658930235e+01)
([(0 -1.303694889449446e+00)] -5.986269434748338e+01)
([(0 1.448290336266581e+00)] -3.096594968613847e+01)
([(0 2.885581153957204e+00)] -2.022727482801747e+01)
([(0 1.777184208744828e+00)] -3.166663460755221e+01)
([(0 -3.397208993438774e+00)] -7.476174628207676e+01)
([(0 2.765333300611573e+00)] -2.177727202944232e+01)
([(0 3.076714620610723e+00)] -2.330843614399567e+01)
([(0 2.900715604379691e+00)] -2.044057973584047e+01)
([(0 1.138561421871614e+00)] -3.966187614611847e+01)
([(0 -4.226116066667913e-01)] -4.375143968335220e+01)
([(0 9.265938453053124e-01)] -3.297933698757436e+01)
([(0 -5.139585899906933e-01)] -5.107974469221961e+01)
([(0 -3.789563701481555e+00)] -8.416316663955413e+01)
([(0 3.442447331136080e+00)] -2.463993478534314e+01)
([(0 -1.856122713233034e+00)] -5.770479821638978e+01)
([(0 -1.318860744480475e-01)] -3.746260681259533e+01)
([(0 -4.516674525419262e-03)] -4.516665915677845e+01)
([(0 -1.170941627785098e+00)] -5.354221697585042e+01)
([(0 -1.388621828519959e+00)] -5.305829258425948e+01)
([(0 3.350913475948502e+00)] -1.919975430005429e+01)
([(0 3.303783595042724e+00)] -1.867317183100162e+01)
([(0 1.174610363495894e+00)] -3.238899675274706e+01)
([(0 1.721265511912172e+00)] -2.734814976542855e+01)
([(0 2.807023852610016e+00)] -3.323221351351508e+01)
([(0 -3.740534987907886e+00)] -8.730344015339153e+01)
([(0 2.660892917203000e+00)] -1.973515740972653e+01)
([(0 -7.554029742236210e-01)] -5.062581362492567e+01)
([(0 2.138193236307075e+00)] -2.411476266387671e+01)
([(0 5.306993916075861e+00)] -2.601988408790895e+01)
([(0 -1.457858755660780e+00)] -6.067940726581005e+01)
([(0 4.911333555371087e-01)] -3.739773908272018e+01)
([(0 -9.134786905514858e-02)] -4.020893871892227e+01)
([(0 4.617439954870740e+00)] -1.363071605296878e+01)
([(0 -1.260639487043306e+00)] -5.940067912098071e+01)
([(0 3.114023330427784e+00)] -1.914495968159562e+01)
([(0 1.853720423874464e+00)] -2.795005505757404e+01)
([(0 -4.388261006090929e+00)] -9.729108164523367e+01)
([(0 -1.092141493327397e+00)] -5.502729884862349e+01)
([(0 7.223565102427301e+00)] -5.310097858498020e+00)
([(0 -1.651967986358855e+00)] -5.546866528088970e+01)
([(0 8.047188222528021e-01)] -3.332049343960204e+01)
([(0 -3.327729742738441e-01)] -4.577198715987421e+01)
([(0 1.064389066772080e+00)] -3.961414197025656e+01)
([(0 3.399668634108075e+00)] -1.267627482990322e+01)
([(0 -1.096476212638478e+00)] -5.141897474195547e+01)
([(0 -2.303078873003670e+00)] -6.246786739590417e+01)
([(0 4.083758455819662e+00)] -1.919080961859461e+01)
([(0 4.519774242829158e-01)] -3.757412809248628e+01)
([(0 -2.638719033629329e+00)] -7.059679986697373e+01)
([(0 5.286083561660817e-01)] -3.779301961846872e+01)
([(0 -1.344792282828685e+00)] -5.240336881735598e+01)
([(0 2.293049223644182e+00)] -2.602360678787578e+01)
([(0 4.954131486920154e+00)] -1.226755210831349e+01)
([(0 3.187698339059189e+00)] -2.174842512331040e+01)
([(0 3.853258500558596e+00)] -1.785449189770420e+01)
([(0 3.834236023041939e+00)] -1.897022867610983e+01)
([(0 -3.862753806241358e+00)] -8.756147675400392e+01)
([(0 -3.869246372613397e+00)] -8.551720833160775e+01)
([(0 2.479039216961901e+00)] -2.912349423619745e+01)
([(0 -1.188406040269356e+00)] -5.735877361006862e+01)
([(0 1.449039669174560e+00)] -2.989500113924593e+01)
([(0 -6.965463280430058e-01)] -5.056792527080236e+01)
([(0 -1.141121997854810e-02)] -5.652967103006191e+01)
([(0 3.307451058736078e+00)] -1.780454288977498e+01)
([(0 -6.657759363967699e-01)] -4.642737418262192e+01)
([(0 5.026292854682957e+00)] -1.228714956579268e+01)
([(0 2.031609237674559e-01)] -4.019435407855141e+01)
([(0 2.579215126607934e+00)] -2.417583854163884e+01)
([(0 2.290076402055455e+00)] -2.634782379809239e+01)
([(0 -1.467378259192088e+00)] -5.844023302882162e+01)
([(0 2.486338473825001e+00)] -2.245551325285912e+01)
([(0 2.992831547999707e+00)] -2.462121467994394e+01)
([(0 -1.015334933415573e+00)] -5.592579739170316e+01)
([(0 3.964469062181415e+00)] -1.454891573166753e+01)
([(0 6.814975967072456e-01)] -3.876220103936080e+01)
([(0 1.393920044130475e+00)] -2.914925731089290e+01)
([(0 6.872945998740931e-01)] -3.575561436704523e+01)
([(0 2.764512995586337e+00)] -2.611673761074322e+01)
([(0 -5.081325621848833e-01)] -4.923751621590750e+01)
([(0 4.901705673047168e+00)] -1.230032015201766e+01)
([(0 6.536105792621946e+00)] -1.980678988284467e+01)
([(0 3.606490913406063e+00)] -1.934962716050411e+01)
([(0 -2.716617215174466e-02)] -4.124265759190234e+01)
([(0 9.491430204562619e-01)] -3.228897775292673e+01)
([(0 4.087150702267259e+00)] -1.846657541661454e+01)
([(0 2.103124969099440e+00)] -2.669275084488483e+01)
([(0 5.088804737457195e-01)] -3.984245589858843e+01)
([(0 1.122962956423393e+00)] -4.025819971753326e+01)
([(0 -2.962253172816531e-02)] -4.108995767500220e+01)
([(0 2.682762229249377e+00)] -2.184044447479906e+01)
([(0 1.424285881401111e+00)] -2.992501717374544e+01)
([(0 4.024522399752314e+00)] -2.107986402709793e+01)
([(0 2.109591147876259e+00)] -2.561796078977117e+01)
([(0 1.322572890233417e+00)] -3.275418504958625e+01)
([(0 -1.401193529348717e+00)] -5.526476456920927e+01)
([(0 -2.666534744652417e+00)] -6.626626688098168e+01)
([(0 1.827222993340278e+00)] -3.211915726169671e+01)
([(0 4.091668599291296e+00)] -1.555868016806733e+01)
([(0 2.695114609175363e+00)] -2.858566485567481e+01)
([(0 3.852912083465526e+00)] -1.520943996384748e+01)
([(0 6.037152912321538e+00)] -7.533565352120975e+00)
([(0 4.062849199341869e-01)] -3.694700153104725e+01)
([(0 4.981562206456466e+00)] -2.114626694199602e+01)
([(0 1.728635892843030e+00)] -2.613212704979080e+01)
([(0 3.307681295506562e+00)] -1.787884421987342e+01)
([(0 1.878214794382195e+00)] -2.949384671003239e+01)
([(0 1.367808747555202e+00)] -2.975785539754300e+01)
([(0 8.251574101777237e-02)] -4.064032146386133e+01)
([(0 4.910891814385785e+00)] -1.271965565841075e+01)
([(0 -2.012848582021860e-01)] -4.687078168547619e+01)
([(0 -4.359837299421422e+00)] -8.682169896137458e+01)
([(0 1.546304496979182e+00)] -2.847824217807192e+01)
([(0 -2.655570395876339e-02)] -5.441139838002235e+01)
([(0 3.165640449688638e-01)] -3.757213108616940e+01)
([(0 -2.839336345514653e+00)] -7.026359120597530e+01)
([(0 2.539333382474922e-01)] -4.591716599058240e+01)
([(0 -1.846515405643395e+00)] -5.503324507635475e+01)
([(0 -3.190886496195731e-01)] -4.836563402406452e+01)
([(0 1.374093644177456e+00)] -2.968616859768930e+01)
([(0 2.896528522699811e+00)] -2.675876969266400e+01)
([(0 4.389962108211371e+00)] -1.686416297449726e+01)
([(0 -3.175403684265845e-01)] -5.052093844964333e+01)
([(0 -5.712121657214624e-01)] -4.522054517600095e+01)
([(0 1.209241510587304e-01)] -4.283785814057563e+01)
([(0 -5.019708947767398e-01)] -4.432217950392068e+01)
([(0 1.876603915032575e+00)] -2.568223225867534e+01)
([(0 -9.564143573348858e-01)] -6.799568138812559e+01)
([(0 3.326156337844672e+00)] -2.246987477112664e+01)
([(0 3.705507110780125e+00)] -1.868310230399776e+01)
([(0 2.087687662249841e+00)] -2.492557148669819e+01)
([(0 5.000222208139320e-01)] -3.593874250944711e+01)
([(0 -1.775139107257559e+00)] -5.792145864623072e+01)
([(0 1.038034296268549e+00)] -3.641493368080036e+01)
([(0 -2.110142916028437e-01)] -5.361710268492131e+01)
([(0 1.867540182181919e+00)] -3.111243416851527e+01)
([(0 4.806863931698523e+00)] -1.223493510928388e+01)
([(0 1.392933470741227e-01)] -3.901508709662068e+01)
([(0 2.940327188580525e+00)] -1.902625308781069e+01)
([(0 -1.711987475974766e+00)] -5.702896469685055e+01)
([(0 4.897616622242609e-01)] -3.938029421684513e+01)
([(0 2.277148651303150e+00)] -2.441150569946971e+01)
([(0 4.402693073688241e+00)] -1.444818144949726e+01)
([(0 4.922063920863742e+00)] -1.086832770689373e+01)
([(0 4.436012508745662e+00)] -1.269179824086643e+01)
([(0 3.188041741274453e+00)] -1.992982452687159e+01)
([(0 -2.433723444557508e+00)] -6.752446339429389e+01)
([(0 -7.575781798325067e-01)] -4.851328494340170e+01)
([(0 -1.256091244242022e+00)] -5.294672137141696e+01)
([(0 8.081331193006370e+00)] -4.569592125619743e+00)
([(0 -8.397475736598636e-01)] -4.990729630894326e+01)
([(0 5.000046272258757e+00)] -1.081343617942375e+01)
([(0 -2.965592990247380e+00)] -7.235252705077195e+01)
([(0 2.696624895497948e-01)] -4.750655396273726e+01)
([(0 1.133283998438806e+00)] -3.074265049107892e+01)
([(0 4.539886752647035e-01)] -3.667667319129463e+01)
([(0 1.558759331630938e+00)] -3.453722794404995e+01)
([(0 3.192910446216075e-01)] -3.703309740624499e+01)
([(0 4.453586014160251e-01)] -3.819478871669286e+01)
([(0 -1.069932109430617e+00)] -4.989688899583413e+01)
([(0 3.235962120775902e+00)] -2.219665733414179e+01)
([(0 4.207683682816302e+00)] -1.365438245495512e+01)
([(0 5.793745786700626e-01)] -3.675102234035864e+01)
([(0 -2.134067228987192e+00)] -6.041349877068610e+01)
([(0 4.288076603723461e+00)] -1.562369396127696e+01)
([(0 -3.978517692939221e-01)] -4.510902688078968e+01)
([(0 1.768035562521135e+00)] -2.548600036492471e+01)
([(0 -1.909735573489286e+00)] -5.872509043251277e+01)
([(0 5.983910758697725e+00)] -8.621901323737442e+00)
([(0 3.392335621824472e+00)] -1.743387547858101e+01)
([(0 -5.705803634185003e-02)] -4.337015844788696e+01)
([(0 1.989574505357950e+00)] -3.123431594203626e+01)
([(0 1.124024803323721e+00)] -3.464780701776772e+01)
([(0 -1.150586394792633e+00)] -5.071949595794455e+01)
([(0 2.451338176265836e+00)] -2.717509709840887e+01)
([(0 3.597300401139613e+00)] -1.642725545456558e+01)
([(0 2.189528576492130e+00)] -2.184955001923070e+01)
([(0 2.371577200782866e-01)] -3.954040151572973e+01)
([(0 -2.255029978053265e+00)] -6.551724187486414e+01)
([(0 2.934833131110686e+00)] -2.007486477502948e+01)
([(0 5.065701161078934e+00)] -1.261553851285663e+01)
([(0 -3.647760719839923e+00)] -8.081900161942959e+01)
([(0 2.007520633016114e+00)] -2.721398983102500e+01)
([(0 3.635111772783404e-01)] -3.801349997049685e+01)
([(0 6.230222739123604e+00)] -9.339560666850531e+00)
([(0 3.412903832085831e+00)] -2.020329565568284e+01)
([(0 2.239363707455674e+00)] -2.525786097381702e+01)
([(0 5.152545063973122e-01)] -3.907682527596145e+01)
([(0 4.323652591560929e-01)] -3.701520750812250e+01)
([(0 9.525918714668933e-01)] -3.495826700134697e+01)
([(0 -2.681092187794178e+00)] -7.264931666701113e+01)
([(0 -3.112692992363264e+00)] -7.438350226717290e+01)
([(0 2.526623293655682e+00)] -2.481373734796085e+01)
([(0 1.746184805041828e+00)] -3.086151533768680e+01)
([(0 3.598773074503683e-01)] -4.496413627632960e+01)
([(0 1.773634489298743e-01)] -3.873884593472992e+01)
([(0 2.438457993613419e+00)] -2.485709315137452e+01)
([(0 5.280015279043369e+00)] -1.310620941130165e+01)
([(0 4.409383876055934e+00)] -1.544526390112938e+01)
([(0 1.634632791576962e-02)] -4.117442809086153e+01)
([(0 -2.578887468652653e+00)] -7.276281480040643e+01)
([(0 -3.522380230335649e+00)] -7.983754820776332e+01)
([(0 3.919847406481239e+00)] -1.583386724972373e+01)
([(0 2.131816813810168e+00)] -2.412266428395360e+01)
([(0 4.810661120258786e+00)] -1.385368683072234e+01)
([(0 4.206101677737038e+00)] -1.462112163414006e+01)
([(0 4.255399348557333e+00)] -1.674018042000804e+01)
([(0 -1.863188584178474e+00)] -5.918421685137318e+01)
([(0 6.772670886994732e-01)] -3.187647341600577e+01)
([(0 3.876445059184803e-01)] -3.847900408766498e+01)
([(0 1.929651988587572e+00)] -3.049423909611040e+01)
([(0 -1.420330329001715e+00)] -5.874790535612762e+01)
([(0 2.863616415078738e+00)] -2.109098278025697e+01)
([(0 4.528131952590947e+00)] -1.920181437201025e+01)
([(0 1.260816348959111e-01)] -4.199496158551749e+01)
([(0 2.999432465382377e+00)] -2.521187513222306e+01)
([(0 4.950464197138565e+00)] -1.196588826154593e+01)
([(0 1.534701868816846e+00)] -3.037170554134537e+01)
([(0 1.483191845333018e+00)] -2.882176795053579e+01)
([(0 8.885315798261075e-01)] -4.280258458607818e+01)
([(0 4.220121250466448e+00)] -1.878255855425226e+01)
([(0 1.601884382461350e+00)] -3.053030096574247e+01)
([(0 1.631481311949528e+00)] -2.743496121706714e+01)
([(0 -3.193675513255684e+00)] -7.900190841290924e+01)
([(0 9.611975180732202e-04)] -4.015055364353989e+01)
([(0 3.659671232402403e+00)] -1.973827456761538e+01)
([(0 -3.283014128033642e+00)] -7.485730015751618e+01)
([(0 3.364627415735526e+00)] -2.074170563285649e+01)
([(0 -1.817683164157593e+00)] -5.825346704929484e+01)
([(0 -9.821961647073536e-01)] -4.911642178151413e+01)
([(0 -3.951917190875776e-01)] -4.493087994008306e+01)
([(0 2.231276480843675e+00)] -2.366713272079975e+01)
([(0 1.601273552115174e+00)] -2.816875199819667e+01)
([(0 9.008672949806922e-01)] -3.387904106617852e+01)
([(0 -2.075874880624333e+00)] -6.114781181018922e+01)
([(0 4.234916062797168e+00)] -1.970574803987393e+01)
([(0 1.827321991874406e+00)] -2.657323975636717e+01)
([(0 -2.820960071906597e-01)] -4.250435163238271e+01)
([(0 4.098069434118337e+00)] -1.654120652953029e+01)
([(0 1.290134212409505e+00)] -3.373544477394273e+01)
([(0 5.357179768136362e-01)] -3.692201868978957e+01)
([(0 3.229662569164333e+00)] -1.824487223850482e+01)
([(0 -1.268244913877517e+00)] -5.510119910537651e+01)
([(0 -2.747987143311050e-01)] -4.688128148792669e+01)
([(0 -2.547555744975298e-01)] -4.325642904644307e+01)
([(0 2.620939832657868e+00)] -3.101938745678218e+01)
([(0 1.764483181119303e-01)] -3.954973020117191e+01)
([(0 -3.355056735287079e-01)] -4.329045298743623e+01)
([(0 -2.019695590194885e-01)] -4.425738697079659e+01)
([(0 4.590782054385123e+00)] -1.128775798836126e+01)
([(0 7.880623583310324e-01)] -3.477105726143836e+01)
([(0 2.310411422091221e-01)] -3.827862791627442e+01)
([(0 -1.785858877234233e+00)] -5.881751527873939e+01)
([(0 2.726677422248258e-01)] -4.057085137415665e+01)
([(0 2.183309040974919e+00)] -2.833925124082704e+01)
([(0 4.512478686112111e+00)] -1.238454141724801e+01)
([(0 -2.222347343106158e+00)] -6.692348189202463e+01)
([(0 -1.081525093461956e+00)] -4.957444068639434e+01)
([(0 -1.311863631738760e+00)] -5.229428219699047e+01)
([(0 1.602354183635441e+00)] -2.770591017547047e+01)
([(0 -2.818827372572521e+00)] -6.808284995906382e+01)
([(0 1.625782760986958e+00)] -3.264426767891889e+01)
([(0 5.226370226308461e-01)] -4.061343561688453e+01)
([(0 2.726549833580897e+00)] -2.104060434262018e+01)
([(0 5.451995409797497e+00)] -1.383664724240026e+01)
([(0 2.376802678605550e+00)] -2.518313463040195e+01)
([(0 3.061141787340631e-01)] -3.874137099031100e+01)
([(0 5.422000346702418e+00)] -1.222529456546258e+01)
([(0 3.580812741916048e+00)] -1.729336333164596e+01)
([(0 -5.358036916331180e+00)] -1.012442204413252e+02)
([(0 1.013097797338318e+00)] -3.202909614559705e+01)
([(0 3.999645456233559e+00)] -1.575901363586806e+01)
([(0 -3.175929844734640e-01)] -4.197768576793917e+01)
([(0 -3.011460597248401e+00)] -7.433192010097055e+01)
([(0 3.965798848479594e-01)] -4.736583008062075e+01)
([(0 -4.484233685827547e+00)] -9.065791168323129e+01)
([(0 -9.659277317255999e-02)] -4.216975168075371e+01)
([(0 1.941366359998987e+00)] -2.581826273032687e+01)
([(0 2.654784770014807e+00)] -2.139860315223417e+01)
([(0 1.901311546093872e+00)] -3.060760330663278e+01)
([(0 2.534910287283417e+00)] -2.538439360803029e+01)
([(0 2.033260552899030e+00)] -3.408500012903315e+01)
([(0 -1.168103468773857e+00)] -5.075081223614179e+01)
([(0 6.003537714824184e+00)] -8.728247163525797e+00)
([(0 2.638805841181274e+00)] -2.255476390328519e+01)
([(0 6.915933079031618e-01)] -3.648766513188453e+01)
([(0 2.545165085765333e+00)] -2.502419793353504e+01)
([(0 -3.599696603860991e+00)] -7.545162492613832e+01)
([(0 2.634948358651627e+00)] -2.228037638521308e+01)
([(0 2.482520932265139e+00)] -2.539695477286124e+01)
([(0 8.799176700929081e-01)] -3.326494582609953e+01)
([(0 -2.030805540685208e-01)] -4.255722936805513e+01)
([(0 3.115937889381975e+00)] -1.857535000542854e+01)
([(0 3.292065700866615e-01)] -4.148956619526347e+01)
([(0 3.397266445995086e+00)] -2.513160162238831e+01)
([(0 6.322811246454663e-01)] -3.535230580212220e+01)
([(0 2.256310303143053e+00)] -2.564196586117526e+01)
([(0 -1.076460017089353e+00)] -5.219758566983364e+01)
([(0 1.622261365807155e+00)] -2.739723967350891e+01)
([(0 -1.424013798428689e+00)] -5.456193142454416e+01)
([(0 8.137098037157386e-01)] -3.538571836300861e+01)
([(0 5.810583726523362e+00)] -1.258264177421628e+01)
([(0 2.126585613429086e+00)] -3.036951870460459e+01)
([(0 1.307618174572347e+00)] -3.174728341203404e+01)
([(0 5.392233216003362e+00)] -1.100210278674257e+01)
([(0 2.714365895008278e+00)] -2.342161837068105e+01)
([(0 -2.002053792468871e+00)] -7.127911395795456e+01)
([(0 -4.484365790883167e+00)] -9.086640969078231e+01)
([(0 2.644519897737410e+00)] -2.070682823908119e+01)
([(0 3.239857107445367e+00)] -1.796122292505856e+01)
([(0 1.432714123010513e+00)] -3.191513199050628e+01)
([(0 3.013287445200916e-01)] -3.788815806627235e+01)
([(0 6.607185586068951e-01)] -3.565803428145117e+01)
([(0 4.988397058635030e+00)] -1.056530773273147e+01)
([(0 3.548247133563862e+00)] -1.960076366977927e+01)
([(0 3.759784043379298e+00)] -1.871864822155581e+01)
([(0 -1.105543338578535e+00)] -5.109723958917817e+01)
([(0 7.276158140118056e-01)] -3.483594322899631e+01)
([(0 -7.821100652110076e-01)] -4.853854939704347e+01)
([(0 3.898657821369198e+00)] -1.491167605661578e+01)
([(0 2.724479474652227e+00)] -2.249725745428617e+01)
([(0 9.509927110720398e-01)] -3.266676743115856e+01)
([(0 2.202385599478781e+00)] -2.868098755650418e+01)
([(0 3.386239064002581e+00)] -2.038409450756185e+01)
([(0 1.322575204255898e-01)] -3.871378799071057e+01)
([(0 2.585288900157593e+00)] -2.365603061808236e+01)
([(0 -1.350483204821565e+00)] -5.312402994185041e+01)
([(0 -1.471109793992937e-01)] -4.470898943824268e+01)
([(0 2.823861917356432e+00)] -2.208191546037910e+01)
([(0 -1.396584199513818e+00)] -5.270704409284028e+01)
([(0 1.132513465448568e+00)] -3.124333934689797e+01)
([(0 2.247929114513809e+00)] -3.059845474180801e+01)
([(0 3.182879946131237e+00)] -1.857941795913230e+01)
([(0 3.035707142763719e+00)] -1.903244675852390e+01)
([(0 5.911529660160255e-01)] -4.169879134190254e+01)
([(0 -4.816582469640949e-01)] -4.519473939322057e+01)
([(0 5.027285410400673e+00)] -1.754872272417900e+01)
([(0 -1.332526348550566e+00)] -5.601467570131204e+01)
([(0 5.611598225430804e+00)] -1.164160178465924e+01)
([(0 -7.780415996899066e-01)] -4.837951513230350e+01)
([(0 2.586677570103703e+00)] -2.352222834145252e+01)
([(0 -2.854907012062299e+00)] -7.152825897698207e+01)
([(0 3.448526924339603e+00)] -2.156309732490720e+01)
([(0 3.797000642695096e+00)] -1.651591681662401e+01)
([(0 6.291698671541397e-01)] -3.673639742474744e+01)
([(0 -1.093875402164137e+00)] -4.947924486246410e+01)
([(0 2.225101366511552e+00)] -2.852829216698242e+01)
([(0 2.418754300799201e+00)] -2.580820049430233e+01)
([(0 -3.669126462356829e-01)] -4.461500951775434e+01)
([(0 1.879015544694198e+00)] -3.050099318803493e+01)
([(0 1.343950589623105e+00)] -2.913432041846025e+01)
([(0 1.157662624670792e+00)] -3.338989476337458e+01)
([(0 8.060800893542321e-01)] -3.289857435829789e+01)
([(0 2.209264253671599e+00)] -2.824253388520368e+01)
([(0 -1.354708955007368e+00)] -5.274555342711452e+01)
([(0 2.513771034564918e+00)] -2.830195938587680e+01)
([(0 6.058205062087012e-01)] -4.018132159376485e+01)
([(0 5.836774068105655e-01)] -3.602833478068753e+01)
([(0 2.639224740877154e+00)] -2.053646847416994e+01)
([(0 3.213705827378988e-01)] -4.407866276404161e+01)
([(0 2.076067609904264e+00)] -2.826853721398136e+01)
([(0 -4.278004354021121e+00)] -8.556835999016907e+01)
([(0 3.210831077344373e+00)] -2.226952352382404e+01)
([(0 4.224096635897006e+00)] -1.580512687283873e+01)
([(0 2.539516552524262e+00)] -2.333972861306813e+01)
([(0 -6.793960147677538e-01)] -4.603125310486399e+01)
([(0 5.949400656516559e-01)] -3.535397907189088e+01)
([(0 2.328143614187773e+00)] -3.236148258027054e+01)
([(0 4.026310416661069e+00)] -1.735191287997071e+01)
([(0 5.723717116704918e-01)] -3.817462509892719e+01)
([(0 2.649621266197570e-01)] -4.282039391268994e+01)
([(0 3.941188266004971e-01)] -4.398350009577391e+01)
([(0 2.205090094123037e-01)] -3.517570271736751e+01)
([(0 2.631622761913185e+00)] -2.274020554920421e+01)
([(0 2.417472651000736e-01)] -3.718821735826857e+01)
([(0 2.299577941649474e+00)] -2.260812649620152e+01)
([(0 -7.725117874254579e-01)] -4.718919273257973e+01)
([(0 1.719702133852806e+00)] -3.093392292492047e+01)
([(0 -6.241967503743311e-01)] -4.682773117116115e+01)
([(0 3.468252822534787e+00)] -2.122121106102714e+01)
([(0 1.766584092979478e+00)] -2.770133165919254e+01)
([(0 1.566823642517576e+00)] -2.838504499404725e+01)
([(0 -7.731364158736653e-02)] -4.171892640936571e+01)
([(0 1.746722672946603e+00)] -2.686599211863621e+01)
([(0 1.142937369266804e+00)] -3.130302141977659e+01)
([(0 3.074192143434303e+00)] -2.306645827956843e+01)
([(0 3.954450194406782e+00)] -1.649955092226509e+01)
([(0 3.810780358053158e+00)] -2.287198507791415e+01)
([(0 -1.964747956354792e+00)] -5.879595136373577e+01)
([(0 -8.861188347109419e-01)] -4.721271710680623e+01)
([(0 2.535800958624421e+00)] -2.909284161560102e+01)
([(0 -4.614436024286874e-01)] -5.105514839345284e+01)
([(0 1.032606433448322e+00)] -2.993451428896757e+01)
([(0 2.178529617227326e+00)] -2.438347422681644e+01)
([(0 -1.123466730256141e+00)] -6.854077494580574e+01)
([(0 -9.020357946282687e-01)] -4.922966489130187e+01)
([(0 -2.535835186090004e+00)] -7.196059507071969e+01)
([(0 1.266945320590331e+00)] -3.339468892619267e+01)
([(0 6.399060128082034e+00)] -1.022210266233304e+01)
([(0 4.099850494955888e-01)] -3.682001017052039e+01)
([(0 2.898556055546351e-01)] -3.882178811076660e+01)
([(0 2.888500741526272e-01)] -3.858860194203509e+01)
([(0 2.883039060234843e+00)] -1.995776694989360e+01)
([(0 5.034851632933837e-01)] -3.824625726344243e+01)
([(0 7.086988113432724e+00)] -5.488862427435535e+00)
([(0 -1.464114180372746e+00)] -5.833569053768352e+01)
([(0 3.874889856050530e-01)] -3.721552110295022e+01)
([(0 -3.178159511999709e+00)] -7.223171573928207e+01)
([(0 -3.187528780336827e+00)] -7.225774118037592e+01)
([(0 2.264126951470523e+00)] -3.040708745352957e+01)
([(0 2.319835550107214e-01)] -4.045511102071746e+01)
([(0 6.918689285950563e-02)] -4.059087354724200e+01)
([(0 1.900482177337089e+00)] -2.799776982738453e+01)
([(0 3.886916881379321e+00)] -2.004055778681795e+01)
([(0 2.606903301329055e+00)] -2.192597508336672e+01)
([(0 -2.183415086129465e+00)] -6.388071619766660e+01)
([(0 3.419230608231416e+00)] -1.904932909112016e+01)
([(0 4.584308945519048e+00)] -1.209337764404727e+01)
([(0 -1.691175371046889e+00)] -5.614234038645377e+01)
([(0 -1.809847724611785e+00)] -5.701861187097866e+01)
([(0 5.965852272159069e+00)] -7.704490525340493e+00)
([(0 6.400648747471536e-01)] -3.498146913120330e+01)
([(0 3.548611185100015e-02)] -4.856279716263224e+01)
([(0 2.935557610898378e+00)] -2.361416020540925e+01)
([(0 -4.006962498932140e+00)] -8.388995195407108e+01)
([(0 4.278735600181321e+00)] -1.323591851423475e+01)
([(0 2.897014239859750e+00)] -2.320872812104499e+01)
([(0 8.169377160474767e-01)] -3.313130229292182e+01)
([(0 5.095986372856416e-01)] -3.882541548123417e+01)
([(0 6.357840171728114e+00)] -9.939871860473881e+00)
([(0 -1.561361571357665e+00)] -5.479492474228717e+01)
([(0 4.124957797117538e+00)] -1.723887080517605e+01)
([(0 1.185892673388665e+00)] -2.963723625685824e+01)
([(0 -9.121459988328056e-01)] -4.949494986204773e+01)
([(0 -6.060165998810874e-01)] -4.996105828508279e+01)
([(0 4.547603613568896e-02)] -4.027286371906553e+01)
([(0 3.492210553869057e+00)] -1.634113628076902e+01)
([(0 1.998480187729754e+00)] -3.094042240926448e+01)
([(0 -1.171853185760774e+00)] -5.683750148782202e+01)
([(0 3.829865758865338e+00)] -1.978009631756456e+01)
([(0 -3.687707439337785e+00)] -8.306298420144023e+01)
([(0 8.122219194767837e-01)] -3.229641560805029e+01)
([(0 1.630336607209827e+00)] -2.788414693088417e+01)
([(0 2.536402012901760e+00)] -2.107072509607875e+01)
([(0 1.163176491908963e+00)] -3.713909918863901e+01)
([(0 2.461852164523172e+00)] -2.259245297376902e+01)
([(0 4.469907964302848e+00)] -1.489556168183826e+01)
([(0 -1.641493862833215e+00)] -6.042227276413565e+01)
([(0 9.985716659689672e-01)] -3.322280285290952e+01)
([(0 1.187578560294433e+00)] -3.477719054999989e+01)
([(0 2.879538301017931e+00)] -2.825445623929050e+01)
([(0 1.850700639308826e+00)] -2.797205361991053e+01)
([(0 -1.613667955595027e+00)] -5.625801367023674e+01)
([(0 2.834932519725243e+00)] -2.145788018145043e+01)
([(0 -2.442535665543510e+00)] -6.961257003664396e+01)
([(0 2.483389674772951e+00)] -2.405537999129695e+01)
([(0 -8.088701621542072e-01)] -5.011793413850621e+01)
([(0 2.588618219978734e+00)] -2.916426197843176e+01)
([(0 2.694696191413968e+00)] -2.699109920462847e+01)
([(0 3.043212312631226e+00)] -2.107944875977429e+01)
([(0 4.272300393174788e-01)] -3.594581699812944e+01)
([(0 1.683223315283293e+00)] -2.943654116207188e+01)
([(0 1.084044280976840e+00)] -3.085340958673724e+01)
([(0 -1.423610559818869e+00)] -6.128494069988432e+01)
([(0 -1.906380786130164e+00)] -6.880177231487022e+01)
([(0 6.250565485850807e+00)] -7.033951382313345e+00)
([(0 4.902905229406748e+00)] -1.073500501756061e+01)
([(0 4.830362842999406e+00)] -1.205743451445496e+01)
([(0 2.090201866264607e-02)] -3.962431922721475e+01)
([(0 -4.229102091944625e-01)] -4.406799734201664e+01)
([(0 1.982785977740264e+00)] -2.658959065719947e+01)
([(0 -2.687654125975911e+00)] -7.012021804357529e+01)
([(0 4.818931404455242e+00)] -1.618383767211726e+01)
([(0 -3.439744046857953e-01)] -4.779080263812979e+01)
([(0 1.702291034415303e+00)] -3.158567827467553e+01)
([(0 1.412919047949572e+00)] -2.947439973116916e+01)
([(0 3.284251115181213e+00)] -2.120024715806295e+01)
([(0 4.292496618119870e+00)] -1.400549547034356e+01)
([(0 -3.950817533867749e+00)] -8.830442730066365e+01)
([(0 7.724826830137985e-01)] -3.423937150602265e+01)
([(0 3.270211639820033e-01)] -4.177586401951407e+01)
([(0 2.183040750262222e+00)] -3.315993071206588e+01)
([(0 4.308738363808160e+00)] -1.611249428346354e+01)
([(0 1.149349552185434e+00)] -3.364065444181476e+01)
([(0 -4.463485753861534e-01)] -4.390048238395386e+01)
([(0 1.160103627505116e+00)] -3.816564760200380e+01)
([(0 2.287732017098918e+00)] -2.980329170602191e+01)
([(0 -5.590133899058557e+00)] -1.039037601899002e+02)
([(0 7.339120790699951e-01)] -3.442469690697735e+01)
([(0 2.027234448241444e-02)] -4.629886244854940e+01)
([(0 -2.386426395391588e+00)] -6.436082357134146e+01)
([(0 1.096519010140007e+00)] -3.535138530218914e+01)
([(0 1.346631354791576e+00)] -2.968711996047991e+01)
([(0 4.533153581913950e+00)] -1.442714087793982e+01)
([(0 1.519730754863048e+00)] -2.704886523490164e+01)
([(0 -3.068086965065497e+00)] -7.129350101199626e+01)
([(0 4.278281898885261e+00)] -1.346684229791966e+01)
([(0 7.144122905350756e+00)] -9.604428547023915e+00)
([(0 4.937337743643582e-01)] -3.656104906260383e+01)
([(0 -2.561557615875479e+00)] -6.912977280842163e+01)
([(0 2.381615492315369e+00)] -2.553083603672698e+01)
([(0 -2.965977561437533e+00)] -7.325175331626845e+01)
([(0 -2.240558929422392e+00)] -7.870957830395895e+01)
([(0 1.549950734198589e+00)] -2.801992348905499e+01)
([(0 1.349388455220705e+00)] -2.999583041174431e+01)
([(0 2.093846533177356e+00)] -2.517429121184999e+01)
([(0 2.658105258681282e+00)] -2.148810512227567e+01)
([(0 -1.273151259846614e+00)] -5.224408920109501e+01)
([(0 3.724582663909288e-01)] -4.328166282480591e+01)
([(0 -1.589963774047845e+00)] -6.092191228144709e+01)
([(0 7.812182628837760e-01)] -3.350882657677755e+01)
([(0 1.282853429319673e-01)] -4.573519351033669e+01)
([(0 2.448555409750625e+00)] -2.327805999615363e+01)
([(0 -4.786927021158220e-01)] -4.451576859569666e+01)
([(0 2.941244081373007e+00)] -2.932152983120565e+01)
([(0 1.330904995111112e+00)] -3.397845406663671e+01)
([(0 1.493876266191975e+00)] -3.323883207236980e+01)
([(0 -5.419795142455044e-01)] -4.923716636076165e+01)
([(0 1.675379805290603e+00)] -2.754730466604137e+01)
([(0 -1.227450437160130e+00)] -5.151451788194401e+01)
([(0 -2.104230260738476e+00)] -7.208656672598956e+01)
([(0 5.133227326789779e+00)] -1.382765385915642e+01)
([(0 -8.305363076587327e-01)] -4.753548289285393e+01)
([(0 1.044241773760348e+00)] -3.209269271607923e+01)
([(0 2.293613946593830e+00)] -2.288531976872058e+01)
([(0 1.622418048472383e+00)] -2.652442722308318e+01)
([(0 2.199702299389116e+00)] -2.785638048228216e+01)
([(0 -2.025129429789082e+00)] -6.115301912758480e+01)
([(0 -5.748774084679269e-01)] -4.536560923426551e+01)
([(0 3.348326825415199e+00)] -2.193996740861722e+01)
([(0 1.452031552434164e+00)] -3.209262158275490e+01)
([(0 4.470720134743296e+00)] -2.463848413024223e+01)
([(0 3.377373538064134e+00)] -1.756601775762801e+01)
([(0 3.541256023958610e-01)] -4.027873469286460e+01)
([(0 -1.829129462735324e+00)] -5.723084974602854e+01)
([(0 1.214713078105497e+00)] -3.231180937245040e+01)
([(0 1.731279866891157e+00)] -2.656750539891392e+01)
([(0 -7.304524616130834e-01)] -4.643397874815034e+01)
([(0 -4.208050879181968e-01)] -4.358148755589990e+01)
([(0 1.623631813303597e+00)] -2.703007641401197e+01)
([(0 2.407526195330050e+00)] -2.527952775894672e+01)
([(0 3.268161237154459e-01)] -3.764144525338056e+01)
([(0 6.178225774156772e+00)] -7.202320162510394e+00)
([(0 2.205532339651889e+00)] -2.420833330549042e+01)
([(0 -1.788949815412884e+00)] -6.141986295726862e+01)
([(0 3.057488859644145e+00)] -1.921603781664918e+01)
([(0 4.918635659692029e+00)] -1.666049279732779e+01)
([(0 -1.423175193927406e+00)] -5.490368108241623e+01)
([(0 3.536661387426605e-01)] -3.746279707640789e+01)
([(0 3.691046709078115e+00)] -1.572035530660762e+01)
([(0 4.940687976728213e+00)] -1.082359056497308e+01)
([(0 -7.368289135949979e-01)] -4.942229096839918e+01)
([(0 -1.475587136423670e+00)] -6.002943596919261e+01)
([(0 -2.479718734625742e+00)] -6.588266727302751e+01)
([(0 -1.608614777593182e+00)] -6.033164629798956e+01)
([(0 1.957717913171962e+00)] -2.422284707542468e+01)
([(0 3.696127068522230e+00)] -1.592054920174183e+01)
([(0 1.913555237558739e-01)] -4.023555509377383e+01)
([(0 2.856488452638835e+00)] -2.020625145654581e+01)
([(0 -3.143748759813050e+00)] -7.450692428734072e+01)
([(0 -2.299945547866727e+00)] -6.233577303123684e+01)
([(0 4.442458042247637e+00)] -1.428910203033440e+01)
([(0 1.640135277543621e+00)] -2.786179680230738e+01)
([(0 2.004022574568722e+00)] -2.872265643690812e+01)
([(0 1.103248623541091e+00)] -3.503941555554511e+01)
([(0 1.349338395960878e+00)] -3.059936654324047e+01)
([(0 5.326355102474125e+00)] -9.514732221528311e+00)
([(0 2.181610581880058e+00)] -2.616540302106199e+01)
([(0 3.365410732942820e+00)] -1.695436825622669e+01)
([(0 1.961199892221863e+00)] -2.529863183192585e+01)
([(0 4.078380181396625e+00)] -2.056739304226040e+01)
([(0 -2.269190373062955e+00)] -6.464098516362174e+01)
([(0 -2.104358715025455e+00)] -6.035080966487826e+01)
([(0 2.753261231806228e+00)] -2.724768126747113e+01)
([(0 3.957181368098226e+00)] -1.686066248309162e+01)
([(0 5.338963510218456e+00)] -9.494042659576001e+00)
([(0 5.219486632541418e+00)] -9.836445260965954e+00)
([(0 1.436392885890783e+00)] -2.903811913338600e+01)
([(0 3.668787226778015e+00)] -1.812190578449882e+01)
([(0 3.519040847732832e+00)] -2.333360476832890e+01)
([(0 5.324309474059881e+00)] -1.177307151611650e+01)
([(0 5.221357250737420e+00)] -9.839288749522130e+00)
([(0 -5.348577573890054e-01)] -4.743881850066977e+01)
([(0 2.016915102799153e+00)] -2.754214594902617e+01)
([(0 2.390418984332236e+00)] -2.570206098911644e+01)
([(0 -1.979550073986857e+00)] -5.850808478395896e+01)
([(0 -7.772132586383975e-01)] -4.691632291355579e+01)
([(0 -9.003017805743028e-01)] -4.864197105906972e+01)
([(0 -2.214787693229376e+00)] -6.142872950778929e+01)
([(0 -2.021744317125780e-01)] -4.179652279616406e+01)
([(0 4.830175643137991e+00)] -1.168135858136207e+01)
([(0 -3.322078000390420e+00)] -7.552805603017543e+01)
([(0 7.971578942158708e+00)] -1.292505711882632e+01)
([(0 3.319202703674968e+00)] -1.770609434012741e+01)
([(0 4.461928162002806e-01)] -3.803258434648295e+01)
([(0 -6.580724303681578e-01)] -5.192449819798975e+01)
([(0 2.195471777751777e+00)] -2.931856689064479e+01)
([(0 2.851690578859582e+00)] -2.029795182610457e+01)
([(0 3.350682644566014e+00)] -1.769317413216542e+01)
([(0 -1.850919517669602e+00)] -5.749880211475153e+01)
([(0 -1.976233133618919e+00)] -5.992596834529625e+01)
([(0 2.508188949667506e+00)] -2.322189637491311e+01)
([(0 -2.581830117197100e+00)] -6.849355998030872e+01)
([(0 -6.837504525356408e-01)] -5.153128138678795e+01)
([(0 -1.027414225572443e-01)] -4.061390056822081e+01)
([(0 6.303440091075338e+00)] -9.415313119154755e+00)
([(0 2.000425049236718e+00)] -3.347550195447893e+01)
([(0 3.578462501960544e-01)] -3.898290516637002e+01)
([(0 4.853481618224386e+00)] -1.170809988087401e+01)
([(0 -4.687380863540724e-01)] -4.544993961483328e+01)
([(0 1.034025057344017e+00)] -3.221460263986246e+01)
([(0 -1.813955648191445e+00)] -8.028638418441913e+01)
([(0 5.008213159065988e-01)] -4.078527335816820e+01)
([(0 -2.003447383860404e+00)] -5.929316279066281e+01)
([(0 5.592142064343811e+00)] -9.788502311123700e+00)
([(0 3.457875419519347e+00)] -1.890754968024076e+01)
([(0 9.693757472107620e-01)] -4.378335162329978e+01)
([(0 1.585050181970544e+00)] -3.010347162893201e+01)
([(0 1.262387991550256e-01)] -4.286718859581089e+01)
([(0 -6.152348103046279e-01)] -4.706363970575261e+01)
([(0 3.961091297273725e+00)] -1.507217754527652e+01)
([(0 2.464734704962154e+00)] -2.258950605290172e+01)
([(0 -7.184245878338160e-01)] -5.103941572935428e+01)
([(0 1.147890632752599e+00)] -3.130003671884976e+01)
([(0 4.332652166136128e+00)] -2.046264115527567e+01)
([(0 -1.294601989119613e+00)] -5.191015614304467e+01)
([(0 2.932900860299178e+00)] -2.155648141803458e+01)
([(0 -3.096518923032235e+00)] -8.034765977940910e+01)
([(0 3.511746893615523e+00)] -1.959205062720213e+01)
([(0 -7.465876578776545e-01)] -4.768341713740581e+01)
([(0 -8.298867685505726e-01)] -5.014288178743121e+01)
([(0 3.834251485025895e+00)] -1.793063803749884e+01)
([(0 5.263275981331560e+00)] -1.219817876790021e+01)
([(0 5.456629208360070e+00)] -1.359002639460019e+01)
([(0 -5.841012118574085e+00)] -1.105797624724484e+02)
([(0 3.434271258706907e+00)] -1.720934092888215e+01)
([(0 6.654716799333258e-01)] -4.469259186210090e+01)
([(0 2.845724838241992e+00)] -2.537876364658938e+01)
([(0 -1.503131086397026e+00)] -5.416982241865783e+01)
([(0 2.494430215459836e+00)] -2.556872500000020e+01)
([(0 4.647037184199789e+00)] -1.422038166466473e+01)
([(0 -2.245528737915535e+00)] -6.173795649710576e+01)
([(0 5.105516060499497e+00)] -1.277716560755229e+01)
([(0 2.851251438313071e+00)] -2.255289105700139e+01)
([(0 4.143077523173012e+00)] -1.935620599461849e+01)
([(0 3.049520796207929e+00)] -2.427612638025258e+01)
([(0 -1.599395090717351e+00)] -5.626073624708256e+01)
([(0 -2.040816104159013e+00)] -6.022330393832972e+01)
([(0 4.189657832746072e+00)] -1.750287835787289e+01)
([(0 1.879756250070983e+00)] -2.972436908234874e+01)
([(0 -2.866713943045468e+00)] -7.009358097165980e+01)
([(0 2.896377313167712e+00)] -2.155600078371102e+01)
([(0 5.303503102602249e-01)] -4.595218588803811e+01)
([(0 1.488226971766139e+00)] -2.911891779127752e+01)
([(0 5.680430938922377e+00)] -3.073207173263680e+01)
([(0 -1.575748802123513e+00)] -5.790672446951298e+01)
([(0 1.618529441366739e+00)] -3.726632169970574e+01)
([(0 -5.428748531663388e-01)] -4.476036031739845e+01)
([(0 -8.165698369132883e-01)] -4.811516976945591e+01)
([(0 1.219057366595990e+00)] -3.133497005537695e+01)
([(0 3.685314434613758e+00)] -1.526847320027334e+01)
([(0 6.553140208581127e+00)] -6.399278761210301e+00)
([(0 2.195539965173303e+00)] -2.827008171991652e+01)
([(0 3.300183781342113e+00)] -1.747815450453010e+01)
([(0 1.578814799106944e+00)] -3.255031603952041e+01)
([(0 -4.206486998361783e-01)] -4.404824021680741e+01)
([(0 -6.051867705037068e-01)] -5.408395921955889e+01)
([(0 -1.985577643861802e-02)] -4.010719793682918e+01)
([(0 -5.976421038748967e-01)] -4.517550779647040e+01)
([(0 9.315653494392464e-01)] -3.732459773289280e+01)
([(0 -3.385550804794782e+00)] -8.100669611912784e+01)
([(0 -1.591063694230549e+00)] -5.615093618523341e+01)
([(0 2.978664321365699e+00)] -1.999951803782491e+01)
([(0 2.511228570671598e+00)] -3.033148461998258e+01)
([(0 6.869152108109873e-01)] -3.681630603033469e+01)
([(0 1.906449921456691e+00)] -2.606749439994439e+01)
([(0 6.117483139088833e-01)] -4.002547467548796e+01)
([(0 -3.710943336072852e+00)] -7.834981846575570e+01)
([(0 -2.293599069556223e+00)] -6.296832104148205e+01)
([(0 9.756044234749268e-01)] -3.262692015885928e+01)
([(0 1.960784619150893e+00)] -2.485559839865504e+01)
([(0 4.293892048747921e+00)] -1.327858594888615e+01)
([(0 3.247415541643171e+00)] -1.697172919030858e+01)
([(0 1.946023842346619e+00)] -2.462548740696486e+01)
([(0 3.070937000919777e+00)] -2.026106703145774e+01)
([(0 4.104795384282042e+00)] -1.585584957158602e+01)
([(0 3.068845054635283e+00)] -2.670185220834890e+01)
([(0 -2.625754032444554e+00)] -7.117818524457769e+01)
([(0 1.124828461592408e+00)] -3.139982647970653e+01)
([(0 -1.564803962986879e+00)] -6.682135103159931e+01)
([(0 9.633423157777159e-01)] -4.961622331751047e+01)
([(0 -2.495853485407721e+00)] -7.057982538392145e+01)
([(0 5.510838464220420e+00)] -8.965084928529224e+00)
([(0 4.559603362386270e+00)] -1.729442397149915e+01)
([(0 -3.391804711089463e-01)] -4.331273063120118e+01)
([(0 2.396073392694355e+00)] -2.337506926291587e+01)
([(0 2.989640906121323e+00)] -1.962103251506799e+01)
([(0 5.044449419496360e-01)] -3.903039428524359e+01)
([(0 3.985308482569621e+00)] -1.675331880441117e+01)
([(0 2.264102766348053e+00)] -2.959676226726459e+01)
([(0 -8.654956088811048e-01)] -4.791120047345156e+01)
([(0 -9.414144182587663e-01)] -5.261831560385292e+01)
([(0 -1.338293217805067e+00)] -5.468700123492735e+01)
([(0 -6.037895557765935e-01)] -4.486808324695403e+01)
([(0 2.510970465993694e+00)] -2.762267095901502e+01)
([(0 -4.030102723945319e-01)] -4.371189005469692e+01)
([(0 -1.549558214378592e-01)] -4.124708720064655e+01)
([(0 -2.244378095801309e+00)] -6.766729641122419e+01)
([(0 -3.709478565677223e+00)] -8.142507053002909e+01)
([(0 -7.370812604232100e-01)] -4.831071478068633e+01)
([(0 1.844607705257353e+00)] -2.873649107753482e+01)
([(0 9.381433669302481e-01)] -3.145963385853337e+01)
([(0 3.770875244717097e+00)] -1.934839765674297e+01)
([(0 5.155080539507829e+00)] -1.993787004831735e+01)
([(0 5.093369237686289e-01)] -3.769465126550863e+01)
([(0 1.521415559766453e+00)] -3.139844996617651e+01)
([(0 1.261245825333503e+00)] -3.067988944434833e+01)
([(0 2.038215021971162e+00)] -2.725454160908876e+01)
([(0 -2.245944732023474e+00)] -6.125733612285339e+01)
([(0 2.498195020213551e+00)] -2.605870936079373e+01)
([(0 -5.967009669495198e-01)] -4.392243721203518e+01)
([(0 2.107112403679459e+00)] -2.576681441437961e+01)
([(0 -7.626282429294662e-01)] -5.278065321390504e+01)
([(0 5.886023876759587e+00)] -1.274290452291017e+01)
([(0 3.347904428327553e-02)] -4.106758163688532e+01)
([(0 3.051567898195046e+00)] -1.820145182970187e+01)
([(0 4.824722259612628e+00)] -1.325527360669816e+01)
([(0 4.257913601092440e+00)] -1.342409273757678e+01)
([(0 3.364576521043560e+00)] -1.745521890169962e+01)
([(0 2.373482473073167e+00)] -2.233846966976083e+01)
([(0 3.960764344541317e+00)] -1.475537110823403e+01)
([(0 -7.594572488258322e-01)] -5.023351115872553e+01)
([(0 1.840979066404017e+00)] -2.818337609939994e+01)
([(0 1.543548780724990e+00)] -3.149087191896896e+01)
([(0 -2.991859990288788e-01)] -5.092080069625584e+01)
([(0 5.918080517553285e+00)] -8.737082388095216e+00)
([(0 3.688452703609755e+00)] -1.777177053326580e+01)
([(0 4.547566229991105e+00)] -1.274404416660833e+01)
([(0 3.211727403491480e-01)] -3.819227085183219e+01)
([(0 1.577036442569472e+00)] -2.829971340398298e+01)
([(0 -3.426422965099356e+00)] -7.734242168211118e+01)
([(0 2.718593143107391e+00)] -3.432268078085490e+01)
([(0 6.897910169112969e+00)] -1.565485316883187e+01)
([(0 -9.642797782034691e-01)] -5.505061474537205e+01)
([(0 -8.058668551886328e-01)] -4.925919780242008e+01)
([(0 -1.571718166183160e+00)] -5.448249815923739e+01)
([(0 5.180852869720979e+00)] -1.328386653414593e+01)
([(0 3.854629194012205e-01)] -3.609515740798670e+01)
([(0 -8.728886948915076e-01)] -4.812305237431208e+01)
([(0 4.805268770360186e+00)] -1.123774727571013e+01)
([(0 6.297428552612828e+00)] -6.930597125087676e+00)
([(0 3.551143238041973e+00)] -1.721992280901143e+01)
([(0 -4.160653971580928e-01)] -4.358100912801228e+01)
([(0 -4.292689288897122e+00)] -8.575382519924807e+01)
([(0 3.174018705795227e+00)] -2.109406182033259e+01)
([(0 -8.993498428626268e-01)] -5.084945276794011e+01)
([(0 -1.184821295483083e+00)] -5.372252272514744e+01)
([(0 1.064272291947916e+00)] -3.478734486828435e+01)
([(0 5.426602268550795e+00)] -9.215907243618759e+00)
([(0 5.105610824663103e-01)] -3.690175074746948e+01)
([(0 4.436564401208408e+00)] -1.430603801189478e+01)
([(0 6.846932636227400e+00)] -5.871707300279800e+00)
([(0 5.727814602612199e+00)] -8.328561986062304e+00)
([(0 6.121512484119762e-01)] -3.587698374743565e+01)
([(0 6.089450634776128e-01)] -3.589982019427590e+01)
([(0 -1.845967329698134e+00)] -5.767916614220978e+01)
([(0 1.737510720476450e+00)] -3.301238276496498e+01)
([(0 4.186374789180618e+00)] -1.368493604765022e+01)
([(0 -1.543465440197608e+00)] -6.043761952309991e+01)
([(0 7.657861583823333e-01)] -3.592772651962717e+01)
([(0 3.649102431318127e+00)] -1.994418876809533e+01)
([(0 3.690178607781220e-01)] -3.760570660991856e+01)
([(0 1.916298625489297e+00)] -2.743548644206028e+01)
([(0 -1.127175519446808e+00)] -5.633367860398499e+01)
([(0 -2.225922327010153e+00)] -6.669697212215080e+01)
([(0 4.744351584722963e+00)] -1.800855644577859e+01)
([(0 -3.458584419209245e-01)] -5.844178343138677e+01)
([(0 1.625162122098743e+00)] -2.798085125071664e+01)
([(0 2.763771646873273e+00)] -2.105707244434689e+01)
([(0 -1.563446232521905e+00)] -5.820016021472738e+01)
([(0 9.845480866314205e-01)] -3.796031407907491e+01)
([(0 5.371024619680625e+00)] -1.899493427035785e+01)
([(0 -1.792141611616415e+00)] -7.421360147390284e+01)
([(0 3.973308098114956e+00)] -1.439082852965988e+01)
([(0 3.097859420618313e+00)] -2.354435366299378e+01)
([(0 2.304629026451302e+00)] -2.340455661743017e+01)
([(0 1.961554731727283e+00)] -3.123761411592429e+01)
([(0 -9.850817953703768e-01)] -4.875595163071090e+01)
([(0 3.998803710851938e+00)] -1.456084842683896e+01)
([(0 3.362447426846941e+00)] -1.897300080008716e+01)
([(0 1.193225424593841e+00)] -3.852226480088368e+01)
([(0 -1.575236693114583e+00)] -5.646342063563552e+01)
([(0 -2.055465736744004e+00)] -5.983273183289765e+01)
([(0 3.866015234289222e-01)] -3.704359833550930e+01)
([(0 4.378108161269253e+00)] -2.340468660474201e+01)
([(0 3.093889588973042e+00)] -1.852782328607927e+01)
([(0 2.530229889446559e+00)] -2.680533343808886e+01)
([(0 4.266905232246501e-01)] -3.993433975459551e+01)
([(0 5.197217424171761e+00)] -1.542617090457107e+01)
([(0 -2.364310288371321e+00)] -6.670065365887326e+01)
([(0 -2.319127094670179e-01)] -4.233911523142863e+01)
([(0 -1.851324327084910e+00)] -6.049479526023870e+01)
([(0 -3.366001403630626e+00)] -8.004949833239736e+01)
([(0 -1.771874356720289e+00)] -5.664115756829297e+01)
([(0 2.706956015600952e+00)] -2.119531472399890e+01)
([(0 1.885830042533627e+00)] -2.871994329037998e+01)
([(0 -1.837569341120371e+00)] -6.136623233437516e+01)
([(0 4.538433365971045e+00)] -1.612322656703179e+01)
([(0 -2.113416824201174e+00)] -6.209349748166437e+01)
([(0 4.059787283637803e+00)] -1.450706307095615e+01)
([(0 -6.030830807497978e-02)] -4.087360645110532e+01)
([(0 3.116439658080751e+00)] -1.887390223626729e+01)
([(0 -1.651755796684654e+00)] -5.561417231494231e+01)
([(0 1.045700536731758e+00)] -3.540745441069178e+01)
([(0 -1.598169368327831e+00)] -5.673454155789894e+01)
([(0 4.804275776762957e+00)] -1.774535279379996e+01)
([(0 -3.378907360847521e-01)] -4.891353407362401e+01)
([(0 -4.816394505604933e-01)] -4.822340056394518e+01)
([(0 1.409393495276973e+00)] -3.140331352588051e+01)
([(0 3.397692129260150e-01)] -3.746527705152226e+01)
([(0 -5.946567743346023e-01)] -5.587703920477507e+01)
([(0 8.396904233824642e-01)] -3.509130206266488e+01)
([(0 -2.664287616578065e-02)] -4.404086495171218e+01)
([(0 1.340601117853289e+00)] -3.955550524731306e+01)
([(0 5.192455404035982e+00)] -1.477236142197329e+01)
([(0 -1.060003578098119e+00)] -5.000207956562966e+01)
([(0 8.432332763862576e-01)] -3.426276717878030e+01)
([(0 2.907328738730783e+00)] -2.619564750065689e+01)
([(0 3.573061683948652e+00)] -1.646969688244494e+01)
([(0 3.255152304333627e+00)] -1.954762452531393e+01)
([(0 4.130522706931764e+00)] -1.401091191247373e+01)
([(0 2.314337264806710e+00)] -2.472587161224502e+01)
([(0 -1.254349093072960e+00)] -6.326942141866155e+01)
([(0 -6.216728798747511e-01)] -4.567413827048554e+01)
([(0 -2.717627558935760e-01)] -4.290383709251463e+01)
([(0 4.662806335780957e+00)] -1.572935656537076e+01)
([(0 1.143312729298479e+00)] -3.137995030717062e+01)
([(0 8.388866872495484e-01)] -3.428020927001793e+01)
([(0 -2.042754172234012e+00)] -5.919477990544999e+01)
([(0 2.004353970573824e+00)] -2.475224684668799e+01)
([(0 2.928886243861001e+00)] -1.944897748051325e+01)
([(0 1.838919186503418e+00)] -3.036371962478399e+01)
([(0 3.583994664562589e+00)] -1.798059547354248e+01)
([(0 6.170045024009028e+00)] -9.637285660723908e+00)
([(0 2.865542855672956e+00)] -2.322946187296764e+01)
([(0 1.260374510268178e+00)] -3.271334150757734e+01)
([(0 1.666783166628775e+00)] -2.726918278097261e+01)
([(0 2.688611377880882e+00)] -3.248443255621591e+01)
([(0 4.092516457988062e+00)] -2.045467742879303e+01)
([(0 2.481309393521450e+00)] -2.602663548325669e+01)
([(0 -2.852741662961641e+00)] -6.968282663238247e+01)
([(0 -2.188353967681493e-01)] -5.058731177001654e+01)
([(0 -9.448455325981087e-01)] -4.967998112382257e+01)
([(0 3.216303129271836e-01)] -3.774608812421297e+01)
([(0 2.235023996315725e+00)] -2.389562421282336e+01)
([(0 3.949348729358640e+00)] -1.863877484248514e+01)
([(0 -3.060679791354680e+00)] -7.456265321326697e+01)
([(0 1.201220794100131e+00)] -3.065703733020467e+01)
([(0 3.499734497828683e+00)] -1.806826103990778e+01)
([(0 -1.390016794717326e-01)] -5.156183618158528e+01)
([(0 1.257721554409002e+00)] -3.153330389523015e+01)
([(0 2.540615654896307e+00)] -2.271362514093979e+01)
([(0 -1.842606893727933e+00)] -6.413050305632774e+01)
([(0 -2.396613185446377e+00)] -6.928010583080359e+01)
([(0 2.884810633793414e+00)] -2.453874666644059e+01)
([(0 8.254796808370223e+00)] -4.441279604420966e+00)
([(0 2.753483110380934e+00)] -2.408548407929926e+01)
([(0 1.413488348887789e+00)] -2.814255089367071e+01)
([(0 7.803336868329453e+00)] -4.722033383881156e+00)
([(0 3.533109959882722e+00)] -1.790674801399375e+01)
([(0 3.678256919476226e-01)] -3.718573965606200e+01)
([(0 1.432923074513155e+00)] -3.060388429970889e+01)
([(0 2.611060913932604e+00)] -2.443838321504598e+01)
([(0 2.159440000424240e+00)] -2.415649235015592e+01)
([(0 1.146975755667818e+00)] -3.354378532150387e+01)
([(0 4.070697688997036e+00)] -2.768940328667728e+01)
([(0 3.682686512491117e+00)] -1.567119512013788e+01)
([(0 -1.369504300565502e+00)] -5.376441252667031e+01)
([(0 4.817795252514046e-01)] -3.774886824490245e+01)
([(0 1.821138485983724e+00)] -2.883576024129021e+01)
([(0 -7.617438444236697e-01)] -5.037374619459064e+01)
([(0 4.677408287709497e+00)] -1.080185279739339e+01)
([(0 1.508087253785561e+00)] -3.243720835796537e+01)
([(0 5.402907258347355e+00)] -1.416825349805817e+01)
([(0 3.716697711933342e+00)] -2.207399034665553e+01)
([(0 2.419210164359988e+00)] -2.284697471281529e+01)
([(0 3.777865271698978e+00)] -1.552656178995460e+01)
([(0 2.441171829644752e+00)] -2.398989874161726e+01)
([(0 -1.273224198867112e+00)] -5.172097125249629e+01)
([(0 1.579938704527123e+00)] -2.923419721716321e+01)
([(0 8.708744081765616e-01)] -3.429063751767229e+01)
([(0 -4.656368237248500e+00)] -9.505392593797282e+01)
([(0 3.831120611033469e+00)] -1.647528346880637e+01)
([(0 1.799001832006113e+00)] -2.813869800372895e+01)
([(0 1.046066379753739e+00)] -3.236117716475603e+01)
([(0 -1.440775973743406e+00)] -5.406986075201370e+01)
([(0 8.287404926069897e-01)] -3.705202677033731e+01)
([(0 4.296913121645268e+00)] -1.962513881541268e+01)
([(0 1.641281016279088e+00)] -2.735496026596666e+01)
([(0 -1.711131068982226e+00)] -6.136676485706344e+01)
([(0 1.277633751512965e-01)] -4.023225957645865e+01)
([(0 4.663037504316549e+00)] -1.182989494543825e+01)
([(0 -4.979178405908300e-01)] -4.871770731054472e+01)
([(0 4.999410872638293e+00)] -1.543374837372365e+01)
([(0 2.164206753468235e+00)] -2.843843002930269e+01)
([(0 1.487333926078442e+00)] -3.052836361945386e+01)
([(0 1.147727059901534e+00)] -3.870446871136969e+01)
([(0 9.029577053885802e-01)] -3.268133926098928e+01)
([(0 1.010325941275291e+00)] -3.397490598168758e+01)
([(0 4.239054063425556e+00)] -2.031884473755810e+01)
([(0 2.295978180490025e+00)] -2.985821507750831e+01)
([(0 2.122197405364780e+00)] -3.353085833190853e+01)
([(0 7.562804867308301e-01)] -3.707763608464610e+01)
([(0 -1.826287759303952e+00)] -5.809795465549779e+01)
([(0 3.165295290752212e+00)] -1.859178849885036e+01)
([(0 -1.843664230897929e+00)] -5.983090804925136e+01)
([(0 -9.659136401960993e-01)] -5.107179474181046e+01)
([(0 3.710468294932802e+00)] -1.795686474474712e+01)
([(0 4.886135664793244e+00)] -1.101838516245100e+01)
([(0 2.060692975485530e+00)] -2.675307195182612e+01)
([(0 2.300760139863200e-02)] -4.196941215098317e+01)
([(0 5.855647350704587e+00)] -1.626949915479491e+01)
([(0 4.178372050047230e+00)] -2.282822056980207e+01)
([(0 3.183170767832408e+00)] -1.963544275499186e+01)
([(0 3.593222626433743e+00)] -1.632709903591185e+01)
([(0 7.348805087076116e-01)] -3.393958608767794e+01)
([(0 4.585467238452210e+00)] -1.201279106003521e+01)
([(0 4.502064754623589e-01)] -4.162037715274870e+01)
([(0 1.858194259210265e+00)] -2.902867149910272e+01)
([(0 3.412602692647354e+00)] -2.475117146435026e+01)
([(0 -9.089285036212331e-01)] -5.204662509172688e+01)
([(0 4.456826647885322e+00)] -1.334193057386895e+01)
([(0 1.742998623894046e+00)] -2.559072999359757e+01)
([(0 8.632186150805268e-01)] -3.579422054213114e+01)
([(0 3.290897713308503e+00)] -1.798580114436320e+01)
([(0 6.321468067478975e-02)] -4.444482855531844e+01)
([(0 4.008451576689453e+00)] -1.912933757975176e+01)
([(0 -2.354184578387233e+00)] -6.291187368867409e+01)
([(0 -1.865944521369279e+00)] -6.466209640404887e+01)
([(0 1.962635775629039e+00)] -3.918536988967642e+01)
([(0 -7.316432222332949e-01)] -4.878836776192058e+01)
([(0 1.818019948156085e+00)] -2.605281579287762e+01)
([(0 2.803787076024491e+00)] -2.144866565444150e+01)
([(0 1.075155565995232e+00)] -3.341588612179007e+01)
([(0 2.800937547526310e+00)] -2.027024710448822e+01)
([(0 4.285845208694937e+00)] -1.335312569329658e+01)
([(0 -1.836321724064845e+00)] -5.792206877834916e+01)
([(0 -2.584203332244606e+00)] -6.971315193820485e+01)
([(0 3.780218117741960e+00)] -1.489390762019681e+01)
([(0 3.382277580850626e+00)] -1.762812565119180e+01)
([(0 5.205517737414901e+00)] -1.005631019230209e+01)
([(0 4.050643447705937e-02)] -4.257550919073601e+01)
([(0 -3.128313252319401e-01)] -4.269989912117313e+01)
([(0 -5.362145347012586e-01)] -4.675251423224593e+01)
([(0 4.191223806318689e-01)] -3.695920672681044e+01)
([(0 3.041145968586044e+00)] -2.046618256094521e+01)
([(0 4.894869342508251e+00)] -1.162132825191108e+01)
([(0 2.006128765509771e-01)] -4.141846262307045e+01)
([(0 2.084266508143031e-01)] -4.049560904388998e+01)
([(0 1.451059318208372e+00)] -2.917709668548398e+01)
([(0 7.808751383697299e-01)] -3.403135009173101e+01)
([(0 -2.140036741481225e+00)] -6.338659906093088e+01)
([(0 1.846859551021424e+00)] -2.745138556429164e+01)
([(0 3.620154231565849e-01)] -3.727075787971408e+01)
([(0 5.248926613800492e+00)] -1.169360339244355e+01)
([(0 1.187342899997503e-01)] -4.182741613005690e+01)
([(0 5.652289490445980e+00)] -1.480468916605871e+01)
([(0 1.787954345205897e+00)] -2.583042447055453e+01)
([(0 4.089802739898680e+00)] -1.822617012141512e+01)
([(0 -6.511323487347909e-01)] -4.743142764172122e+01)
([(0 -2.072510888203283e+00)] -6.256379796564945e+01)
([(0 1.988975591901529e+00)] -4.267725252650320e+01)
([(0 1.670462218005092e+00)] -2.771968890166894e+01)
([(0 5.170746167403365e+00)] -1.660964733332361e+01)
([(0 2.417573911590267e-01)] -3.699098950390970e+01)
([(0 4.837845548887216e+00)] -1.313942498636387e+01)
([(0 -1.463125385345556e+00)] -5.378861570675268e+01)
([(0 1.673330733055423e-03)] -4.125784626487965e+01)
([(0 2.399757218076992e+00)] -3.174503792101672e+01)
([(0 1.321057281902853e+00)] -3.048580601504916e+01)
([(0 9.466211729677170e-01)] -3.374431382533263e+01)
([(0 1.587593320184993e+00)] -3.063494498469715e+01)
([(0 -1.056417738117474e-01)] -4.150066368157197e+01)
([(0 3.191120569635615e+00)] -1.844014038107101e+01)
([(0 4.376136542819459e+00)] -1.420014102327405e+01)
([(0 -3.767242951914085e-01)] -4.363511635716935e+01)
([(0 4.253606632772893e+00)] -2.408651276733277e+01)
([(0 -2.845012341498965e+00)] -7.337139218949879e+01)
([(0 9.434812438655342e-01)] -3.197107279729763e+01)
([(0 7.650631509691763e-01)] -3.414458814983807e+01)
([(0 2.771200964334930e+00)] -2.212199717568072e+01)
([(0 2.375193518008764e+00)] -2.840166867672127e+01)
([(0 3.573088947183805e+00)] -1.747620085524768e+01)
