([(0 -5.211823783180378e-01)] -4.334688999840722e+01)
([(0 1.513038534345924e+00)] -2.706483950823677e+01)
([(0 -8.158153317251120e-01)] -4.604823189437161e+01)
([(0 9.152467243583757e-01)] -3.142026537314746e+01)
([(0 1.030956766883328e+00)] -3.054932765605226e+01)
([(0 5.538651289744934e-01)] -3.422655394123306e+01)
([(0 1.547332799968110e+00)] -2.682581484416892e+01)
([(0 4.344711500463092e+00)] -1.128923550416114e+01)
([(0 2.648745431077316e+00)] -1.977461426213858e+01)
([(0 1.032007784103989e+00)] -3.054147811531099e+01)
([(0 5.819843638596112e-01)] -3.400351005405113e+01)
([(0 -1.525071673593324e+00)] -5.290705527731090e+01)
([(0 -2.044875898317471e+00)] -5.825322810242763e+01)
([(0 1.431856205758827e+00)] -2.763535259500429e+01)
([(0 3.780868969050687e+00)] -1.379112309060365e+01)
([(0 3.013369563173342e+00)] -1.770758102212563e+01)
([(0 1.742426610593384e-01)] -3.731514188043143e+01)
([(0 -3.193648611974361e+00)] -7.102673317713423e+01)
([(0 -1.350004970695970e+00)] -5.116732320833694e+01)
([(0 -1.374061684263275e+00)] -5.140457131928733e+01)
([(0 2.310732482211364e-01)] -3.684359906011136e+01)
([(0 1.420217005859648e+00)] -2.771768786902875e+01)
([(0 -6.016302934454529e+00)] -1.080175496893959e+02)
([(0 -3.654767250170678e-01)] -4.195436302787896e+01)
([(0 2.637249153193338e+00)] -1.984194799283540e+01)
([(0 -2.772810354539949e+00)] -6.619415089168083e+01)
([(0 6.697887527595299e-01)] -3.331212833517486e+01)
([(0 -1.474115287989761e-01)] -4.004488732117201e+01)
([(0 2.730367804007372e-01)] -3.649748615528882e+01)
([(0 -2.689197319299907e-01)] -4.110300087948485e+01)
([(0 -1.072099795400305e-01)] -3.969805606291602e+01)
([(0 3.400885353883943e+00)] -1.565650933408693e+01)
([(0 3.728044883940946e+00)] -1.404180206181038e+01)
([(0 2.636285684297313e+00)] -1.984759703505760e+01)
([(0 1.222121136834055e+00)] -2.913978462042810e+01)
([(0 -3.646419454416609e+00)] -7.642377702828442e+01)
([(0 4.047450681216773e+00)] -1.256862196506778e+01)
([(0 1.216652490295687e+00)] -2.917959972052730e+01)
([(0 -5.866940774218818e-01)] -4.394002887529624e+01)
([(0 -3.122221778206551e+00)] -7.019404377787859e+01)
([(0 2.213572988910606e+00)] -2.241560652984646e+01)
([(0 2.178573276214969e+00)] -2.263624215906106e+01)
([(0 2.250559657065189e+00)] -2.218377654691987e+01)
([(0 6.245322040535797e-01)] -3.366752074946387e+01)
([(0 -4.242286055087582e+00)] -8.383895120180902e+01)
([(0 3.844335131954111e+00)] -1.349363192874766e+01)
([(0 7.534325762140526e-01)] -3.266067767260012e+01)
([(0 -1.126354028931573e+00)] -4.898937019213285e+01)
([(0 1.833696247673927e+00)] -2.487582710610763e+01)
([(0 3.961999851178930e+00)] -1.295274692231931e+01)
([(0 -4.356975202206144e-01)] -4.257936933340770e+01)
([(0 4.324344790508803e+00)] -1.137407246124477e+01)
([(0 2.008162107502251e+00)] -2.372800385820410e+01)
([(0 7.174174154077662e-01)] -3.294032008996845e+01)
([(0 -1.534233822345691e+00)] -5.299894844772238e+01)
([(0 1.161230893349412e-01)] -3.780072027356063e+01)
([(0 7.678743854622070e+00)] -2.993255075129799e+00)
([(0 3.550529056229642e+00)] -1.490465555858281e+01)
([(0 1.865496219044452e+00)] -2.466434445672602e+01)
([(0 -6.799360003014172e-01)] -4.479163673178427e+01)
([(0 2.097118285826177e+00)] -2.315447136982005e+01)
([(0 -5.230755884564076e-02)] -3.922700653751343e+01)
([(0 9.493490042515589e-01)] -3.116218947676775e+01)
([(0 2.660935910531570e+00)] -1.970335896742918e+01)
([(0 -1.501035889156910e+00)] -5.266638367507155e+01)
([(0 2.114802339350810e+00)] -2.304139882974923e+01)
([(0 -3.420115240305833e+00)] -7.370059791805500e+01)
([(0 1.153872303085237e+00)] -2.963882031665839e+01)
([(0 -1.040164473460919e+00)] -4.816339333731221e+01)
([(0 4.349733587545046e-01)] -3.517835160896908e+01)
([(0 1.847880013388910e+00)] -2.478137440510466e+01)
([(0 -7.290927394045141e-01)] -4.524410064323384e+01)
([(0 -1.210088524461611e+00)] -4.979893382340981e+01)
([(0 -1.000452061939569e+00)] -4.778531893757518e+01)
([(0 -4.404086571708916e-01)] -4.262147772557739e+01)
([(0 -1.309250704956547e+00)] -5.076672394331454e+01)
([(0 1.788075615390561e+00)] -2.518098871932669e+01)
([(0 6.133066708738497e+00)] -5.457210849610297e+00)
([(0 3.253850275072061e+00)] -1.641706771515003e+01)
([(0 2.218030269039467e+00)] -2.238759609732147e+01)
([(0 -4.194984650695233e-02)] -3.913847783708935e+01)
([(0 1.838862931627347e+00)] -2.484139776879340e+01)
([(0 6.469445781264021e+00)] -4.717599464582531e+00)
([(0 -2.367071538328105e+00)] -6.170264615653966e+01)
([(0 1.626049656111654e+00)] -2.628162091209064e+01)
([(0 1.813620817076583e+00)] -2.500985753588510e+01)
([(0 5.007380950601117e+00)] -8.755218159081267e+00)
([(0 -1.383498160817815e+00)] -5.149779219441385e+01)
([(0 1.503795896945910e+00)] -2.712946017276473e+01)
([(0 -3.847448950873300e-01)] -4.212537017235947e+01)
([(0 -3.786413149453551e-01)] -4.207116004669658e+01)
([(0 -1.884586515452078e+00)] -5.657584279542385e+01)
([(0 -7.553656917452543e-01)] -4.548692129093683e+01)
([(0 -3.835270770141655e+00)] -7.873547673332483e+01)
([(0 2.302164438081931e+00)] -2.186260707325742e+01)
([(0 1.531311435736200e+00)] -2.693733439981982e+01)
([(0 8.144416799762908e-01)] -3.218992759221211e+01)
([(0 -1.611318893505199e+00)] -5.377540913004688e+01)
([(0 -3.234164514696737e+00)] -7.150133267595334e+01)
([(0 2.062702080938834e-01)] -3.704900117754482e+01)
([(0 1.904120524009713e+00)] -2.440883727786424e+01)
([(0 1.647790129227381e+00)] -2.613241430352614e+01)
([(0 1.390771988626582e+00)] -2.792658570581751e+01)
([(0 1.845146377344918e+00)] -2.479956261645202e+01)
([(0 -8.015610317152877e-01)] -4.591554306033147e+01)
([(0 2.194756825592506e+00)] -2.253406999117543e+01)
([(0 5.367294008221890e+00)] -7.562947662430525e+00)
([(0 -3.394970304088218e-01)] -4.172437812227247e+01)
([(0 7.604785503461287e-01)] -3.260612038179546e+01)
([(0 4.146066330257973e+00)] -1.213439344722592e+01)
([(0 -3.492641664063783e-01)] -4.181076239039128e+01)
([(0 2.716022382627742e+00)] -1.938322278610092e+01)
([(0 -1.786961532764565e+00)] -5.556681303525822e+01)
([(0 6.163811206337115e+00)] -5.384913286787313e+00)
([(0 -3.884430412776396e-01)] -4.215823409598774e+01)
([(0 5.642770725965200e+00)] -6.737903809170007e+00)
([(0 4.221552760986924e-01)] -3.528181193869938e+01)
([(0 -4.418616058604385e-02)] -3.915758282034432e+01)
([(0 8.282635903894828e-01)] -3.208379401624112e+01)
([(0 1.667309074018178e+00)] -2.599885689196645e+01)
([(0 3.814629385647699e+00)] -1.363237314388732e+01)
([(0 -1.082162533500231e+00)] -4.856494365617706e+01)
([(0 2.214927947091766e+00)] -2.240708960209335e+01)
([(0 1.295256257801611e-01)] -3.768844487170479e+01)
([(0 2.410892846887123e-01)] -3.676082734871109e+01)
([(0 -2.188785726850199e+00)] -5.978109440422755e+01)
([(0 -3.798723435166451e-01)] -4.208209066554518e+01)
([(0 -9.337344997273078e-02)] -3.957905787231739e+01)
([(0 2.607209727818066e+00)] -2.001851284293030e+01)
([(0 -1.211196997873429e+00)] -4.980969781272223e+01)
([(0 6.724548324845117e-01)] -3.329125592171683e+01)
([(0 -6.495424457015204e-01)] -4.451308772981616e+01)
([(0 -9.677831880246117e-01)] -4.747548349469002e+01)
([(0 -2.155154258689464e+00)] -5.942218038520339e+01)
([(0 -3.743979067410734e+00)] -7.761353594856540e+01)
([(0 4.037711275271221e-01)] -3.543048522470101e+01)
([(0 -1.226560479345274e+00)] -4.995901362614996e+01)
([(0 2.663642349117907e+00)] -1.968755956147426e+01)
([(0 2.895439512548890e+00)] -1.836157337571840e+01)
([(0 2.944094514785846e+00)] -1.809006712728565e+01)
([(0 2.163634916412718e+00)] -2.273078548322132e+01)
([(0 -1.064169457713668e+00)] -4.839269295490075e+01)
([(0 2.508231619549910e+00)] -2.060666840945003e+01)
([(0 8.064466478522405e-01)] -3.225140583814130e+01)
([(0 4.647602568293223e+00)] -1.007650723287978e+01)
([(0 2.437262019610721e+00)] -2.103442015639663e+01)
([(0 -7.933365637903478e-03)] -3.884848932403663e+01)
([(0 1.906606758984104e+00)] -2.439244146230634e+01)
([(0 1.952127285464307e+00)] -2.409334278984980e+01)
([(0 -1.001773637636340e+00)] -4.779787537740975e+01)
([(0 -2.293171514895391e-01)] -4.075651321261401e+01)
([(0 5.154641930220691e-01)] -3.453243027342565e+01)
([(0 3.202322650702023e+00)] -1.668871689560171e+01)
([(0 3.196613891846113e+00)] -1.671897635304911e+01)
([(0 -2.350804093857803e-01)] -4.080683912618691e+01)
([(0 2.300495147262353e+00)] -2.187295445652811e+01)
([(0 2.824895305004368e+00)] -1.875943089655002e+01)
([(0 -1.422916419131418e+00)] -5.188815937750322e+01)
([(0 -6.305677199032303e+00)] -1.122600629079418e+02)
([(0 2.419386667582273e+00)] -2.114295349615740e+01)
([(0 3.676041491487069e+00)] -1.429131209289644e+01)
([(0 -1.389848776035123e-01)] -3.997205410470037e+01)
([(0 3.293526055408101e+00)] -1.620970971482645e+01)
([(0 2.340158849094998e+00)] -2.162784574916062e+01)
([(0 2.524780314580156e+00)] -2.050764939148370e+01)
([(0 3.787166867322327e+00)] -1.376142231520151e+01)
([(0 1.540672255044456e+00)] -2.687214557782330e+01)
([(0 7.368459171981243e-01)] -3.278930490363101e+01)
([(0 8.707544117174137e-01)] -3.175871837013394e+01)
([(0 9.240275464284764e-01)] -3.135370355560655e+01)
([(0 1.999345070746969e+00)] -2.378528150158015e+01)
([(0 6.044924100918436e+00)] -5.669723082094865e+00)
([(0 3.923513657652521e+00)] -1.312813786781579e+01)
([(0 2.945593040557391e+00)] -1.808174258252154e+01)
([(0 -2.550717164863762e+00)] -6.371519917587658e+01)
([(0 1.839025908123190e+00)] -2.484031217329633e+01)
([(0 2.545001124543397e+00)] -2.038703005031399e+01)
([(0 -6.275544673911639e-01)] -4.431214952456548e+01)
([(0 1.595915289534666e+00)] -2.648921709160988e+01)
([(0 2.367913604727583e+00)] -2.145726602651182e+01)
([(0 -1.753720637588692e+00)] -5.522541770382541e+01)
([(0 -2.693285821369209e+00)] -6.530084798640176e+01)
([(0 -2.508361393698820e+00)] -6.324803453410860e+01)
([(0 -1.386530103101506e-01)] -3.996918716323960e+01)
([(0 1.709796604995184e+00)] -2.570945531973675e+01)
([(0 7.383087280846254e-01)] -3.277794994723294e+01)
([(0 1.370099630061318e+00)] -2.807376388959516e+01)
([(0 1.252144402004781e+00)] -2.892172963166460e+01)
([(0 2.150600212045973e+00)] -2.281346308060461e+01)
([(0 7.481700764086838e-01)] -3.270145782911216e+01)
([(0 4.188719211781489e+00)] -1.194959526440030e+01)
([(0 3.413954419510347e+00)] -1.558995407037846e+01)
([(0 4.564263102299314e+00)] -1.040103671093060e+01)
([(0 2.729306820464735e+00)] -1.930647413313670e+01)
([(0 1.022346085111096e+00)] -3.061367828239597e+01)
([(0 -4.785529041011003e-01)] -4.296323037284043e+01)
([(0 7.861785651257023e-01)] -3.240754481153237e+01)
([(0 -1.076135068754674e+00)] -4.850720567448582e+01)
([(0 5.647395689041232e+00)] -6.724699924419562e+00)
([(0 8.632416867290402e-01)] -3.181606301462584e+01)
([(0 -2.580267036001324e+00)] -6.404218304151807e+01)
([(0 2.140349290337326e+00)] -2.287860282142577e+01)
([(0 1.059767058762844e+00)] -3.033455735690454e+01)
([(0 -1.322045588555824e+00)] -5.089231401880375e+01)
([(0 2.744174125347001e+00)] -1.922078999663177e+01)
([(0 1.985826268294041e+00)] -2.387325395039326e+01)
([(0 3.127925525523651e+00)] -1.708561632662946e+01)
([(0 -4.369981043114777e-01)] -4.259099180520275e+01)
([(0 1.154135260434202e+00)] -2.963688863296733e+01)
([(0 1.846970981058192e+00)] -2.478742181041019e+01)
([(0 -8.096871989012300e-01)] -4.599116211766200e+01)
([(0 -1.319910317405160e+00)] -5.087134356790943e+01)
([(0 1.084784513150410e+00)] -3.014873460517629e+01)
([(0 -1.361510786432632e+00)] -5.128072174243285e+01)
([(0 1.154769111137512e+00)] -2.963223265231910e+01)
([(0 -1.320917602113518e+00)] -5.088123552072085e+01)
([(0 1.539526463222138e+00)] -2.688012017506175e+01)
([(0 1.217977356343383e+00)] -2.916995113833314e+01)
([(0 1.134329805212808e+00)] -2.978257295615748e+01)
([(0 -6.515815886251417e-01)] -4.453174703360062e+01)
([(0 -8.822175289044623e-01)] -4.666902712681036e+01)
([(0 -3.636684689333975e-01)] -4.193833361055134e+01)
([(0 -1.612761066810890e+00)] -5.378999244417234e+01)
([(0 1.314773774522813e+00)] -2.846976220261186e+01)
([(0 4.852627907512286e-01)] -3.477403051362768e+01)
([(0 -6.053222629390270e+00)] -1.085541686972678e+02)
([(0 3.992103334272223e+00)] -1.281659042140910e+01)
([(0 -1.304149920177480e-01)] -3.989805571419163e+01)
([(0 4.877676016308499e-01)] -3.475395824970742e+01)
([(0 -2.382345222374688e+00)] -6.186874301643989e+01)
([(0 4.977590437665071e-01)] -3.467395440777965e+01)
([(0 2.373035556568418e+00)] -2.142587089250673e+01)
([(0 -1.324094144382094e+00)] -5.091243712581056e+01)
([(0 2.877613307534268e+00)] -1.846164030677716e+01)
([(0 2.590256028073881e+00)] -2.011856115382784e+01)
([(0 1.914595314531333e+00)] -2.433980168266563e+01)
([(0 -1.799479631210986e+00)] -5.569566458383427e+01)
([(0 -7.987802270330349e-01)] -4.588968110229955e+01)
([(0 3.066338298773779e+00)] -1.741836398865561e+01)
([(0 7.718883419807767e-01)] -3.251787914637560e+01)
([(0 3.153233259667871e+00)] -1.694998153473022e+01)
([(0 -5.011627170863804e-01)] -4.316648937670222e+01)
([(0 -1.022275344134442e-01)] -3.965518352387969e+01)
([(0 5.418810581225131e-02)] -3.832189352297091e+01)
([(0 5.753185293844680e-01)] -3.405631245232786e+01)
([(0 1.151484374107667e-01)] -3.780889211029684e+01)
([(0 -3.021094237783750e+00)] -6.902383046491624e+01)
([(0 3.613160011448116e+00)] -1.459662678382418e+01)
([(0 -1.349746386598234e+00)] -5.116477618712177e+01)
([(0 6.360345836642693e-01)] -3.357700028163148e+01)
([(0 -3.033333456607537e-01)] -4.140536324438056e+01)
([(0 5.448027037307590e+00)] -7.313293729472035e+00)
([(0 9.608948872994887e-01)] -3.107507719714278e+01)
([(0 6.295397552813853e-02)] -3.824789705649751e+01)
([(0 1.242642201731755e+00)] -2.899064535301174e+01)
([(0 1.380301279806112e+00)] -2.800107918013453e+01)
([(0 -5.318218416879027e+00)] -9.812760435525665e+01)
([(0 5.137061281705996e+00)] -8.310702658469747e+00)
([(0 1.622530125996583e+00)] -2.630582018088158e+01)
([(0 2.513716218042759e+00)] -2.057382100603143e+01)
([(0 1.465076213453820e+00)] -2.740110058822592e+01)
([(0 4.616538356348840e-01)] -3.496352877605097e+01)
([(0 2.781756213213242e-01)] -3.645522230388679e+01)
([(0 1.849540661831057e+00)] -2.477032895128854e+01)
([(0 -3.676885905392808e-01)] -4.197397471635955e+01)
([(0 5.246895248422163e-01)] -3.445881283455002e+01)
([(0 4.682850556708701e+00)] -9.941339183178826e+00)
([(0 2.140929132944649e-01)] -3.698415237172779e+01)
([(0 1.471268674720804e+00)] -2.735755626844981e+01)
([(0 1.943982354948091e+00)] -2.414670792808528e+01)
([(0 1.180778460554102e+00)] -2.944152621871368e+01)
([(0 1.474461002343823e+00)] -2.733512335076317e+01)
([(0 2.542008749770801e-01)] -3.665262585208366e+01)
([(0 -3.139884819300278e+00)] -7.039948355025783e+01)
([(0 6.699112662689899e-01)] -3.331116903601993e+01)
([(0 2.496975766358567e+00)] -2.067417422181245e+01)
([(0 1.315299356020667e+00)] -2.846598591876781e+01)
([(0 -8.681748822849755e-02)] -3.952274153504267e+01)
([(0 1.262337326072114e+00)] -2.884790473775377e+01)
([(0 -1.922437900324908e+00)] -5.696963014003383e+01)
([(0 3.997138633263688e+00)] -1.279390449099249e+01)
([(0 -6.356261147117692e-01)] -4.438585650087111e+01)
([(0 -3.768724389477569e-01)] -4.205545639564443e+01)
([(0 -3.671962457507831e-01)] -4.196960887729767e+01)
([(0 3.659461288222957e+00)] -1.437143175707537e+01)
([(0 3.765273205463501e+00)] -1.386484315642022e+01)
([(0 7.209369574920288e-02)] -3.817082658358445e+01)
([(0 1.777940605664519e+00)] -2.524906549745624e+01)
([(0 1.826430340654980e+00)] -2.492429024603450e+01)
([(0 1.473770403499550e+00)] -2.733997541833872e+01)
([(0 -6.707228719347071e-01)] -4.470710324388246e+01)
([(0 8.629052795844032e-01)] -3.181863213126918e+01)
([(0 2.940996003814213e+00)] -1.810728696177407e+01)
([(0 -1.472448320715046e+00)] -5.238088700163544e+01)
([(0 -4.809328571013793e-02)] -3.919097365757065e+01)
([(0 2.220352611217756e+00)] -2.237300991068912e+01)
([(0 3.335728138029808e+00)] -1.599087617913783e+01)
([(0 -2.674582113082735e+00)] -6.509166694798358e+01)
([(0 -2.423046872180166e-01)] -4.086996986904633e+01)
([(0 3.503511170178221e+00)] -1.513847456023619e+01)
([(0 3.323078009046249e+00)] -1.605628489717957e+01)
([(0 5.734834432488292e+00)] -6.479094554845464e+00)
([(0 -7.633228520394653e-02)] -3.943276198008506e+01)
([(0 -2.739849826417952e+00)] -6.582313630718312e+01)
([(0 -7.379001013878650e-02)] -3.941096181594711e+01)
([(0 1.875228264907136e+00)] -2.459982451801195e+01)
([(0 -4.012697126916720e-02)] -3.912290858966882e+01)
([(0 -1.186751523096767e+00)] -4.957260178207805e+01)
([(0 -2.412919683800475e+00)] -6.220193225950920e+01)
([(0 3.016004030539435e+00)] -1.769313014349915e+01)
([(0 8.341991127341828e-01)] -3.203827586857198e+01)
([(0 3.266134175502600e+00)] -1.635269998139021e+01)
([(0 5.239060536049017e+00)] -7.972887340745753e+00)
([(0 4.107091561269122e+00)] -1.230484652250577e+01)
([(0 2.534052002863341e+00)] -2.045229199923875e+01)
([(0 1.577387406772658e+00)] -2.661730680492418e+01)
([(0 -1.897268423394578e+00)] -5.670761958102827e+01)
([(0 7.543363606432933e-01)] -3.265367685399558e+01)
([(0 1.296125821487948e-02)] -3.867093754925007e+01)
([(0 5.012456712578960e+00)] -8.737503337787068e+00)
([(0 3.879515709825625e+00)] -1.333046178484339e+01)
([(0 -2.192969657952169e+00)] -5.982582429991214e+01)
([(0 -5.554661897872890e-01)] -4.365675820415964e+01)
([(0 1.656379361243587e+00)] -2.607359597057565e+01)
([(0 1.537770082228057e+00)] -2.689234696092864e+01)
([(0 1.131520949247658e+00)] -2.980326600765735e+01)
([(0 2.723882510363843e+00)] -1.933779087400963e+01)
([(0 1.759581259674917e+00)] -2.537264664443208e+01)
([(0 1.939495378360874e+00)] -2.417613469224345e+01)
([(0 3.926553650357690e+00)] -1.311423000349757e+01)
([(0 5.338245478275361e+00)] -7.654370074792389e+00)
([(0 1.255474736941629e+00)] -2.889759739051477e+01)
([(0 -2.773604328713304e+00)] -6.620310152716095e+01)
([(0 -9.688182324657788e-01)] -4.748528360670745e+01)
([(0 3.781682602029569e+00)] -1.378728378096452e+01)
([(0 4.267763895167249e+00)] -1.161193547049424e+01)
([(0 -4.750884144765166e-01)] -4.293213027080458e+01)
([(0 2.133016410099543e+00)] -2.292526426400014e+01)
([(0 3.328751231586367e-01)] -3.600698862392981e+01)
([(0 8.901340372190205e-01)] -3.161105423271553e+01)
([(0 4.582604217552984e-01)] -3.499081196912292e+01)
([(0 -1.677228246095908e+00)] -5.444401163353547e+01)
([(0 3.879851066864148e-01)] -3.555841706163999e+01)
([(0 -2.533294881662762e+00)] -6.352282221983213e+01)
([(0 -3.114639976673743e+00)] -7.010595514084321e+01)
([(0 7.986698321087715e-02)] -3.810534425718043e+01)
([(0 -4.234523751259829e-01)] -4.247002539254006e+01)
([(0 -3.895644053680840e-01)] -4.216820190556290e+01)
([(0 2.623269180985687e+00)] -1.992400680654561e+01)
([(0 -2.456859134185912e+00)] -6.268240529016590e+01)
([(0 5.318683208616548e-01)] -3.440158547501332e+01)
([(0 4.343428659277215e+00)] -1.129456690222829e+01)
([(0 9.024214690447252e-02)] -3.801803782082023e+01)
([(0 4.644777656248557e+00)] -1.008739390684947e+01)
([(0 -1.193352350759440e-01)] -3.980249419428012e+01)
([(0 1.084893094730951e+00)] -3.014792945525365e+01)
([(0 2.101900477696439e+00)] -2.312386299561981e+01)
([(0 -2.276918255367427e+00)] -6.072700778840513e+01)
([(0 4.909528183999527e+00)] -9.101768177716160e+00)
([(0 -6.907783105264258e-01)] -4.489122722359077e+01)
([(0 8.637312409667501e-01)] -3.181232452706289e+01)
([(0 1.647348118478043e+00)] -2.613544315163250e+01)
([(0 -3.170698976543491e+00)] -7.075863154751593e+01)
([(0 -1.341209758546825e+00)] -5.108072900282791e+01)
([(0 1.632503408727132e+00)] -2.623727896254152e+01)
([(0 2.309186255207216e+00)] -2.181911165832692e+01)
([(0 -5.278026060303489e-01)] -4.340663419369346e+01)
([(0 3.708991056800173e-01)] -3.569716492198626e+01)
([(0 -7.379013508882792e-02)] -3.941096288724253e+01)
([(0 2.013632857366211e+00)] -2.369250360148889e+01)
([(0 -1.365614124761926e+00)] -5.132119527632030e+01)
([(0 -2.234471770476972e+00)] -6.027046634255279e+01)
([(0 -1.115459123597589e-01)] -3.973538574730932e+01)
([(0 3.336669574069646e+00)] -1.598601479063836e+01)
([(0 -1.001861632141896e-01)] -3.963762526793968e+01)
([(0 2.199039342272201e+00)] -2.250707685208606e+01)
([(0 3.660909833980440e+00)] -1.436442106440289e+01)
([(0 2.492807433185988e+00)] -2.069920551436205e+01)
([(0 5.155804590297777e-01)] -3.453150195008286e+01)
([(0 5.903132624775793e-01)] -3.393759638983833e+01)
([(0 5.122125974323808e-01)] -3.455839804127827e+01)
([(0 4.267278568405722e+00)] -1.161398960570805e+01)
([(0 1.530054866851884e-01)] -3.749218294962307e+01)
([(0 -2.103296516326559e+00)] -5.887097275354074e+01)
([(0 1.669343114815369e+00)] -2.598496098852939e+01)
([(0 7.646878046552175e-01)] -3.257355162669414e+01)
([(0 -1.167325915982218e+00)] -4.938461942988000e+01)
([(0 2.601047046309461e+00)] -2.005484722189646e+01)
([(0 -2.063656626331394e-01)] -4.055642577270797e+01)
([(0 -1.716461503913251e-01)] -4.025474772576763e+01)
([(0 -5.827474472616743e-01)] -4.390417484233851e+01)
([(0 3.293585594099852e+00)] -1.620939972995158e+01)
([(0 3.634663371047147e+00)] -1.449177450348445e+01)
([(0 -1.632479015357674e+00)] -5.398958974530109e+01)
([(0 5.867555809517810e-01)] -3.396574286476817e+01)
([(0 1.424667726111664e+00)] -2.768618763993223e+01)
([(0 6.323202614949906e+00)] -5.025247674749753e+00)
([(0 3.845584340755522e+00)] -1.348781681147939e+01)
([(0 5.874155581815899e-02)] -3.828344630770491e+01)
([(0 2.467337076571020e+00)] -2.085253522082663e+01)
([(0 -2.074666090022639e+00)] -5.856780570470662e+01)
([(0 5.254293028234017e+00)] -7.923331120254445e+00)
([(0 1.572616460405563e+00)] -2.665034559929127e+01)
([(0 3.675858606285622e+00)] -1.429219434024354e+01)
([(0 2.086459089877678e+00)] -2.322277774987562e+01)
([(0 5.023962222651335e-02)] -3.835524946786465e+01)
([(0 -1.245220448408446e-02)] -3.888694551378226e+01)
([(0 5.874923080696099e+00)] -6.101538663100319e+00)
([(0 2.086922779458121e+00)] -2.321980396528587e+01)
([(0 -5.325384711184000e-02)] -3.923509993353603e+01)
([(0 2.488538390285079e+00)] -2.072485958950745e+01)
([(0 -1.715483115457239e+00)] -5.483407188806525e+01)
([(0 2.790004090589250e+00)] -1.895805088971304e+01)
([(0 -1.421747886402699e+00)] -5.187656480763749e+01)
([(0 -4.400174314777523e+00)] -8.586327292279213e+01)
([(0 2.464756775045167e+00)] -2.086810463915089e+01)
([(0 3.738049654080349e+00)] -1.399410979547143e+01)
([(0 2.281571568564033e+00)] -2.199045032541488e+01)
([(0 2.437099293014946e+00)] -2.103540673834922e+01)
([(0 -7.618521604449384e-01)] -4.554697696793857e+01)
([(0 -3.485805097334797e+00)] -7.448578616261770e+01)
([(0 -1.373787698517006e-01)] -3.995818025391172e+01)
([(0 -8.293919652193082e-01)] -4.617480146731857e+01)
([(0 7.770762049651552e-01)] -3.247780021892699e+01)
([(0 2.970446831223917e+00)] -1.794400337013010e+01)
([(0 -1.833626455791695e+00)] -5.604794211088829e+01)
([(0 -1.510572409039590e+00)] -5.276180422528162e+01)
([(0 8.755209431832682e-01)] -3.172236469088777e+01)
([(0 -6.511153792189930e-01)] -4.452748058885847e+01)
([(0 1.840874481418204e+00)] -2.482800058308293e+01)
([(0 3.418665202435520e+00)] -1.556600590943912e+01)
([(0 1.337560058607735e+00)] -2.830629720399490e+01)
([(0 1.333186140977325e+00)] -2.833763469190903e+01)
([(0 4.056077814743645e+00)] -1.253024644127610e+01)
([(0 3.974845526967499e+00)] -1.289453574937232e+01)
([(0 1.161765979905773e+00)] -2.958086351380343e+01)
([(0 1.076125371589541e+00)] -3.021298149614756e+01)
([(0 1.044403514815983e+00)] -3.044898372191342e+01)
([(0 9.322877850021314e-01)] -3.129115833148326e+01)
([(0 3.117585951765058e+00)] -1.714121474028772e+01)
([(0 -4.860028208718106e-01)] -4.303014759532735e+01)
([(0 -6.333921887971883e-03)] -3.883488264230029e+01)
([(0 -1.250048107977484e+00)] -5.018774330090694e+01)
([(0 1.174310067959503e+00)] -2.948889073716904e+01)
([(0 4.139905460524879e+00)] -1.216123644354967e+01)
([(0 1.893424217900773e+00)] -2.447944602927929e+01)
([(0 4.346257403122962e+00)] -1.128281302752469e+01)
([(0 1.964605858049609e+00)] -2.401171254228903e+01)
([(0 5.034617246887855e+00)] -8.660463059752846e+00)
([(0 -1.345452987296269e-01)] -3.993371050487623e+01)
([(0 6.070984046243453e-01)] -3.380497204411106e+01)
([(0 2.145859024612250e+00)] -2.284357801452008e+01)
([(0 4.021932801938441e+00)] -1.268256716214674e+01)
([(0 -4.522495889018145e-01)] -4.272741059796563e+01)
([(0 2.139944535523469e+00)] -2.288117700257818e+01)
([(0 3.875685449798155e+00)] -1.334816677657354e+01)
([(0 5.703434563099492e-01)] -3.409575069741251e+01)
([(0 2.437592586897921e-01)] -3.673877983620455e+01)
([(0 -1.326749978204198e+00)] -5.093853181403739e+01)
([(0 3.987964031157816e+00)] -1.283525853903210e+01)
([(0 6.683033259166677e-01)] -3.332376064439325e+01)
([(0 7.055741424203887e-02)] -3.818377540026421e+01)
([(0 1.820580117534277e+00)] -2.496334923010849e+01)
([(0 1.267665903621079e+00)] -2.880935248779183e+01)
([(0 1.742339758349779e+00)] -2.548901021775935e+01)
([(0 3.603854232630347e+00)] -1.464214593463517e+01)
([(0 -1.121771694642540e+00)] -4.894526951888147e+01)
([(0 3.224203984157377e+00)] -1.657303604735974e+01)
([(0 2.730229868024395e+00)] -1.930114793488818e+01)
([(0 1.634499735438709e+00)] -2.622357118831486e+01)
([(0 -1.354086201724840e-01)] -3.994116526564390e+01)
([(0 1.008764349490463e+00)] -3.071533003270181e+01)
([(0 1.101101446690464e+00)] -3.002787414805226e+01)
([(0 -5.241417782505380e-01)] -4.337359166395267e+01)
([(0 3.318776874811313e+00)] -1.607856078346430e+01)
([(0 1.323039490073015e+00)] -2.841040532749499e+01)
([(0 3.498245525796960e+00)] -1.516479815707435e+01)
([(0 -7.678577381093490e-01)] -4.560261777388595e+01)
([(0 -2.231307452486824e+00)] -6.023650406686892e+01)
([(0 4.103705498616605e+00)] -1.231972691841623e+01)
([(0 8.133842278288270e-01)] -3.219805526146460e+01)
([(0 -2.224878502453322e+00)] -6.016753369316199e+01)
([(0 3.416318140975278e+00)] -1.557793486885781e+01)
([(0 -1.058675696218238e+00)] -4.834016477970589e+01)
([(0 3.218194803766956e+00)] -1.660475731244648e+01)
([(0 -1.389846497253643e+00)] -5.156055611658935e+01)
([(0 -7.010510984912202e-01)] -4.498569490549253e+01)
([(0 4.313838149697418e-01)] -3.520730781763540e+01)
([(0 6.186809010006542e+00)] -5.331450525062747e+00)
([(0 5.862009869413527e+00)] -6.135520211505110e+00)
([(0 6.834574744296233e-01)] -3.320519277399435e+01)
([(0 2.621495286161682e+00)] -1.993443308227895e+01)
([(0 1.635511435048308e+00)] -2.621662587614556e+01)
([(0 2.615283166089171e+00)] -1.997097035462604e+01)
([(0 1.470713875739733e+00)] -2.736145595532825e+01)
([(0 2.487255215899118e+00)] -2.073257416633547e+01)
([(0 -6.305677624388224e-01)] -4.433965807921282e+01)
([(0 8.093246749599302e+00)] -2.738748350325057e+00)
([(0 -5.655159835893571e-01)] -4.374781427132634e+01)
([(0 2.118939705739677e+00)] -2.301498948646211e+01)
([(0 1.447475418302609e+00)] -2.752507573469227e+01)
([(0 6.819196985726201e+00)] -4.068573633365235e+00)
([(0 2.843111937228819e+00)] -1.865621552433083e+01)
([(0 4.117261348754951e+00)] -1.226022328952793e+01)
([(0 1.608604756954293e+00)] -2.640168844490579e+01)
([(0 -8.720978047327250e-01)] -4.657413287770726e+01)
([(0 2.295086143540765e+00)] -2.190650223000920e+01)
([(0 4.387392933069641e+00)] -1.111279269045205e+01)
([(0 -1.333096752764583e+00)] -5.100092012158397e+01)
([(0 7.113217904180260e-01)] -3.298777837317782e+01)
([(0 2.188850541556029e+00)] -2.257132799037810e+01)
([(0 -1.735186757225001e+00)] -5.503554822460630e+01)
([(0 1.891014535647912e+00)] -2.449536868097788e+01)
([(0 5.285912354647877e-01)] -3.442770309262369e+01)
([(0 -2.828605709835529e+00)] -6.682467791142835e+01)
([(0 5.746857407564576e-01)] -3.406132730085380e+01)
([(0 7.835848731210859e-01)] -3.242755545213215e+01)
([(0 3.064022266572266e+00)] -1.743095120613035e+01)
([(0 4.411050526543860e-01)] -3.512891813314562e+01)
([(0 2.021626056889744e+00)] -2.364068872035425e+01)
([(0 3.992225505725742e-01)] -3.546732188954524e+01)
([(0 4.651064550061292e-01)] -3.493578138666138e+01)
([(0 3.050025946735012e+00)] -1.750713283760009e+01)
([(0 -3.716101527543607e+00)] -7.727259251259591e+01)
([(0 2.107730687986511e+00)] -2.308657772562399e+01)
([(0 4.493936557716026e+00)] -1.068029639877135e+01)
([(0 -1.377218172051215e+00)] -5.143574365611865e+01)
([(0 2.039783941772669e+00)] -2.352322000645843e+01)
([(0 2.608946137631527e+00)] -2.000828205163254e+01)
([(0 5.069164307256159e+00)] -8.541341022271846e+00)
([(0 2.481166088311205e+00)] -2.076920507521681e+01)
([(0 2.547124983590855e+00)] -2.037438472746338e+01)
([(0 3.058579984491317e+00)] -1.746055013955855e+01)
([(0 -3.426040579222665e+00)] -7.377124619560213e+01)
([(0 -5.151651803003645e-01)] -4.329262586101933e+01)
([(0 -8.353925032322920e-01)] -4.623080084167212e+01)
([(0 3.595751972551128e+00)] -1.468184860433736e+01)
([(0 -3.148316852203052e-01)] -4.150665306635121e+01)
([(0 -2.413465257303947e+00)] -6.220788620815944e+01)
([(0 1.022661229924744e+00)] -3.061132178820456e+01)
([(0 3.029009642372998e+00)] -1.762189199359311e+01)
([(0 -2.332299880271620e+00)] -6.132538459503556e+01)
([(0 1.567581515439201e+00)] -2.668523726950941e+01)
([(0 3.140084080243923e+00)] -1.702037358039660e+01)
([(0 4.947860242801738e-01)] -3.469774964549930e+01)
([(0 -2.811538814215311e-01)] -4.121035599157149e+01)
([(0 5.323234930147009e-01)] -3.439795870695201e+01)
([(0 -5.619105711501291e-01)] -4.371513584673051e+01)
([(0 4.473104742080906e+00)] -1.076396695609493e+01)
([(0 1.581955330157641e+00)] -2.658569527393643e+01)
([(0 1.307119668569669e+00)] -2.852478797810794e+01)
([(0 2.612830938349347e+00)] -1.998540402719760e+01)
([(0 5.989385538770094e+00)] -5.807616733437657e+00)
([(0 -1.865098724870037e+00)] -5.637366003512052e+01)
([(0 4.712118249016882e+00)] -9.830048326684757e+00)
([(0 2.412104350458712e+00)] -2.118726096682116e+01)
([(0 3.203195947322683e+00)] -1.668409083319871e+01)
([(0 1.098875649239332e+00)] -3.004434507468055e+01)
([(0 -2.184480261014045e+00)] -5.973508347096866e+01)
([(0 1.382850397442397e-01)] -3.761516278525178e+01)
([(0 -3.036720572479531e+00)] -6.920398503070550e+01)
([(0 1.181204581823970e+00)] -2.943840743352651e+01)
([(0 -1.566153275630668e-01)] -4.012451871166920e+01)
([(0 -1.293114636592371e+00)] -5.060857138968915e+01)
([(0 8.009817081649189e-01)] -3.229346557597487e+01)
([(0 1.428064513642205e+00)] -2.766216000857262e+01)
([(0 3.125431293747006e+00)] -1.709901863608628e+01)
([(0 -3.681311427387755e-01)] -4.197789922937595e+01)
([(0 -1.490239560544829e+00)] -5.255846748550675e+01)
([(0 -1.657199192786614e+00)] -5.424037196794180e+01)
([(0 4.637698853051404e-01)] -3.494652147513357e+01)
([(0 -5.360878137860254e-01)] -4.348146573619544e+01)
([(0 2.562789740422446e+00)] -2.028125708018577e+01)
([(0 3.643664459204210e+00)] -1.444802168936746e+01)
([(0 -1.855383588912112e+00)] -5.627300888372443e+01)
([(0 4.884876583314878e+00)] -9.190582905901845e+00)
([(0 4.624827883736565e+00)] -1.016450371230211e+01)
([(0 -2.551644835574720e+00)] -6.372545103281197e+01)
([(0 -1.097465622455090e+00)] -4.871169743407292e+01)
([(0 -1.064947030638237e-01)] -3.969189978390211e+01)
([(0 1.166937932585675e+00)] -2.954292388924471e+01)
([(0 1.962448533217739e+00)] -2.402581383738274e+01)
([(0 3.041101536249521e+00)] -1.755581046573796e+01)
([(0 1.250692253521287e+00)] -2.893225564854743e+01)
([(0 1.199577464067382e+00)] -2.930410884854571e+01)
([(0 -2.002160625076399e+00)] -5.780371314442183e+01)
([(0 6.320374945148686e-01)] -3.360844124082922e+01)
([(0 4.808015122212481e-01)] -3.480979644016580e+01)
([(0 6.511058070039013e-01)] -3.345859427339322e+01)
([(0 2.563344706003562e+00)] -2.027796228683726e+01)
([(0 1.541353295211039e+00)] -2.686740622800443e+01)
([(0 -1.404436746257971e+00)] -5.170495787728187e+01)
([(0 -4.661771653947326e-01)] -4.285219072759224e+01)
([(0 2.124172300836641e+00)] -2.298161367167866e+01)
([(0 3.687111148301028e+00)] -1.423797379637341e+01)
([(0 1.594627512822406e+00)] -2.649810884030393e+01)
([(0 -1.654609353408077e+00)] -5.421406980713068e+01)
([(0 -8.307519214018697e-01)] -4.618748995634162e+01)
([(0 1.387445527140827e+00)] -2.795023981166381e+01)
([(0 2.034701819312232e-01)] -3.707222775802146e+01)
([(0 -4.047366924611424e-01)] -4.230319202800119e+01)
([(0 2.821228458797862e+00)] -1.878024735555294e+01)
([(0 1.820052057860728e+00)] -2.496687650181464e+01)
([(0 4.956694210286798e-01)] -3.469067825569696e+01)
([(0 -2.753127588283917e-01)] -4.115908125459747e+01)
([(0 -2.277988806443581e+00)] -6.073854560288085e+01)
([(0 5.366239908900369e+00)] -7.566250401253676e+00)
([(0 -1.238403502432632e-01)] -3.984133544021121e+01)
([(0 -1.969869829142802e+00)] -5.746511136656664e+01)
([(0 4.218485288129870e+00)] -1.182170836094947e+01)
([(0 4.324385669995308e+00)] -1.137390176343956e+01)
([(0 -1.652755511386580e+00)] -5.419524648396457e+01)
([(0 6.222676096165358e-01)] -3.368535805421767e+01)
([(0 1.879490706281189e+00)] -2.457159590107786e+01)
([(0 3.267213348131179e+00)] -1.634705231895754e+01)
([(0 -2.853818990609014e-01)] -4.124749180314275e+01)
([(0 2.136313633277069e+00)] -2.290427633397694e+01)
([(0 -1.990249075750611e+00)] -5.767868708261256e+01)
([(0 1.660435385159573e+00)] -2.604584630725792e+01)
([(0 1.560308278018191e+00)] -2.673568484504071e+01)
([(0 5.129526086536302e+00)] -8.336071447638936e+00)
([(0 2.188724675220627e+00)] -2.257212235955378e+01)
([(0 5.566788213915849e+00)] -6.957889937980776e+00)
([(0 -1.678694731039272e-01)] -4.022200484835276e+01)
([(0 -9.510573138445224e-01)] -4.731726642175630e+01)
([(0 8.326520438739848e-01)] -3.205013658712417e+01)
([(0 -2.190264302266137e+00)] -5.979689967312212e+01)
([(0 1.851592540802471e-01)] -3.722431256197296e+01)
([(0 1.395185203043049e+00)] -2.789522089649851e+01)
([(0 1.465048370420988e+00)] -2.740129646222749e+01)
([(0 4.163975356320890e+00)] -1.205657910226557e+01)
([(0 4.621498664494226e-01)] -3.495954163167880e+01)
([(0 -2.388604900049529e-02)] -3.898434093514192e+01)
([(0 -1.703795518244448e+00)] -5.471474573604202e+01)
([(0 8.183016498427087e+00)] -2.706263517104003e+00)
([(0 8.639626276068455e-01)] -3.181055762326176e+01)
([(0 3.182497411725059e+00)] -1.679394113512464e+01)
([(0 7.846868074810658e-01)] -3.241905307629764e+01)
([(0 -4.250673201246933e+00)] -8.394585778946764e+01)
([(0 -1.837705532989169e+00)] -5.609010209036672e+01)
([(0 3.436106186491777e+00)] -1.547753452421271e+01)
([(0 1.001194439036006e+00)] -3.077206666754155e+01)
([(0 -6.825780896196534e-01)] -4.481589443295074e+01)
([(0 3.139735564915043e-01)] -3.616153871387947e+01)
([(0 -1.798043684582041e+00)] -5.568087611174931e+01)
([(0 -3.161720795892869e+00)] -7.065389020764940e+01)
([(0 8.865972223490957e-01)] -3.163797517434054e+01)
([(0 6.188104920440267e-01)] -3.371259827712694e+01)
([(0 3.132193485524247e+00)] -1.706269763539346e+01)
([(0 7.558785772771301e-01)] -3.264173255190693e+01)
([(0 -1.552209684708217e-01)] -4.011244925349778e+01)
([(0 3.067241250202784e+00)] -1.741345806371839e+01)
([(0 3.619785653661950e+00)] -1.456427028007115e+01)
([(0 6.430963015007762e-01)] -3.352149211071468e+01)
([(0 9.209401976599878e-01)] -3.137709799069240e+01)
([(0 2.112925381572815e+00)] -2.305338533764768e+01)
([(0 -1.246118346072024e+00)] -5.014943565479011e+01)
([(0 4.117870382762590e-02)] -3.843185310725893e+01)
([(0 5.387356372684735e-01)] -3.434688937361880e+01)
([(0 1.821014381381438e+00)] -2.496044869382607e+01)
([(0 3.032505744356470e+00)] -1.760277096471679e+01)
([(0 3.217212634015667e+00)] -1.660994542407114e+01)
([(0 -1.168332201090294e+00)] -4.939434802228902e+01)
([(0 2.502888976266178e-01)] -3.668489088328060e+01)
([(0 -2.296020658391051e+00)] -6.093305527517245e+01)
([(0 1.645074715063515e+00)] -2.615102457800006e+01)
([(0 2.669877201240993e-01)] -3.654726984726297e+01)
([(0 4.100665443436419e+00)] -1.233309651725653e+01)
([(0 -7.427001930217905e+00)] -1.294907194895517e+02)
([(0 -4.969846931529965e+00)] -9.337441242639289e+01)
([(0 2.693080056773923e+00)] -1.951618386048766e+01)
([(0 1.370205983366240e+00)] -2.807300560678257e+01)
([(0 5.616547640657643e-01)] -3.416468678940917e+01)
([(0 -8.535941622775312e-01)] -4.640088612326544e+01)
([(0 -1.373337078184441e+00)] -5.139741677669512e+01)
([(0 3.166569739194507e+00)] -1.687876342040716e+01)
([(0 -4.929777192588887e-01)] -4.309284837651268e+01)
([(0 3.154046122121535e+00)] -1.694563567917119e+01)
([(0 2.922721214059720e-02)] -3.853302005873897e+01)
([(0 1.462705036636798e+00)] -2.741778444765783e+01)
([(0 7.962562019606025e-01)] -3.232985849988452e+01)
([(0 2.876137585144136e+00)] -1.846993847758350e+01)
([(0 2.433378530868268e+00)] -2.105797227183432e+01)
([(0 1.388338503392028e+00)] -2.794388886813746e+01)
([(0 -7.631605955630079e-01)] -4.555909635656489e+01)
([(0 1.743298375019442e+00)] -2.548253267147675e+01)
([(0 -5.159003326879485e-02)] -3.922087029552037e+01)
([(0 -4.095153994223416e+00)] -8.197497631607033e+01)
([(0 2.449426134607563e+00)] -2.096074629725427e+01)
([(0 -4.564340918058612e+00)] -8.799452605859955e+01)
([(0 4.341437946461397e-01)] -3.518504240969197e+01)
([(0 2.709194800332099e+00)] -1.942273667721969e+01)
([(0 4.211444541074265e+00)] -1.185187820911015e+01)
([(0 -2.109780319425489e+00)] -5.893974346020350e+01)
([(0 5.707001583083738e+00)] -6.556444325417663e+00)
([(0 -2.204695852756657e-01)] -4.067931914082826e+01)
([(0 -5.061602603422202e-01)] -4.321148556445301e+01)
([(0 4.661558779169191e+00)] -1.002283974985584e+01)
([(0 3.487851223922981e+00)] -1.521684192373447e+01)
([(0 3.948065090058996e+00)] -1.301607995913909e+01)
([(0 1.179223207466599e+00)] -2.945291067001710e+01)
([(0 -4.488632588036388e+00)] -8.700831250046971e+01)
([(0 -3.627770953220669e+00)] -7.619743839386076e+01)
([(0 -3.069468164916636e+00)] -6.958232105647903e+01)
([(0 -1.685518576803034e+00)] -5.452841858616912e+01)
([(0 2.741999869785367e+00)] -1.923330699674515e+01)
([(0 1.394160237904721e+00)] -2.790250360925643e+01)
([(0 -2.297048455730177e+00)] -6.094415192466199e+01)
([(0 1.734232646044198e+00)] -2.554382819089633e+01)
([(0 -7.702793947405695e-01)] -4.562506427524508e+01)
([(0 1.771567237571652e+00)] -2.529192796622887e+01)
([(0 1.379294848922996e+00)] -2.800824517125658e+01)
([(0 1.401928185309060e-01)] -3.759921230264041e+01)
([(0 -3.990845567961614e-01)] -4.225287722147325e+01)
([(0 -1.269994215288449e+00)] -5.038241773035416e+01)
([(0 -3.768492556656533e+00)] -7.791397905333764e+01)
([(0 3.882039054960458e+00)] -1.331880589192454e+01)
([(0 3.586871877678099e+00)] -1.472543822014445e+01)
([(0 2.905243133956709e+00)] -1.830667644203856e+01)
([(0 1.340530058468218e+00)] -2.828502916881784e+01)
([(0 2.599069795303251e+00)] -2.006651288732050e+01)
([(0 -3.392832816631113e+00)] -7.337576044913826e+01)
([(0 2.108389466221830e+00)] -2.308236685472132e+01)
([(0 3.871946111746254e+00)] -1.336546564325960e+01)
([(0 4.183132445809896e+00)] -1.197369698717891e+01)
([(0 2.736349441770869e+00)] -1.926585812565677e+01)
([(0 1.517794049383674e+00)] -2.703162421538030e+01)
([(0 1.423735536374437e+00)] -2.769278362655427e+01)
([(0 4.262626824372163e+00)] -1.163368996173446e+01)
([(0 1.075898608100751e+00)] -3.021466498556947e+01)
([(0 -3.846600540134588e-01)] -4.212461638466050e+01)
([(0 1.721111392953105e+00)] -2.563268962034439e+01)
([(0 -1.788523324903906e+00)] -5.558288035051514e+01)
([(0 4.347504466948770e+00)] -1.127763382297450e+01)
([(0 -2.777341030845264e-01)] -4.118033223919583e+01)
([(0 -1.523965770513058e-01)] -4.008800751025386e+01)
([(0 -3.043879022468246e+00)] -6.928659568966049e+01)
([(0 1.149473916072942e+00)] -2.967114110221531e+01)
([(0 2.713872117472853e+00)] -1.939566218344833e+01)
([(0 -7.844627439554372e-01)] -4.575664846891755e+01)
([(0 6.083319738463544e-01)] -3.379523636447718e+01)
([(0 -1.086662463241090e+00)] -4.860807283902714e+01)
([(0 -2.255090192277059e+00)] -6.049200676897637e+01)
([(0 -3.216017979442007e+00)] -7.128856289427347e+01)
([(0 1.202942264388916e+00)] -2.927955004539006e+01)
([(0 2.809889014033004e+00)] -1.884470576328044e+01)
([(0 1.325729518554731e+00)] -2.839110271743775e+01)
([(0 -9.368798997563275e-01)] -4.718337536818179e+01)
([(0 -9.418737361611278e-01)] -4.723051407177392e+01)
([(0 -1.461000690044756e+00)] -5.226679162050533e+01)
([(0 2.790040817043788e-01)] -3.644841119128591e+01)
([(0 -7.585522924916646e-01)] -4.551641952337062e+01)
([(0 9.106494793651478e-01)] -3.145514490949954e+01)
([(0 -1.252428760172180e+00)] -5.021095760808602e+01)
([(0 3.020406041102753e+00)] -1.766899922416089e+01)
([(0 -3.169403628384941e-01)] -4.152524292789458e+01)
([(0 2.566793743473795e+00)] -2.025749248821014e+01)
([(0 -2.148208223760498e+00)] -5.934819343524964e+01)
([(0 2.083133732117233e+00)] -2.324411059691515e+01)
([(0 2.993788309965019e+00)] -1.781520783470823e+01)
([(0 1.145668562752469e+00)] -2.969911969141295e+01)
([(0 3.897202491426029e+00)] -1.324889669943667e+01)
([(0 2.419890132923904e+00)] -2.113989224482734e+01)
([(0 4.027446159764381e+00)] -1.265789317387248e+01)
([(0 4.709625974790796e+00)] -9.839491872459600e+00)
([(0 2.066469687379538e+00)] -2.335118038867246e+01)
([(0 9.133441309981691e-01)] -3.143469788429925e+01)
([(0 2.352354305725655e+00)] -2.155279803813424e+01)
([(0 9.778609362721440e-01)] -3.094731229399958e+01)
([(0 1.534238723509667e+00)] -2.691693932749541e+01)
([(0 5.660285983961515e-01)] -3.412997534770315e+01)
([(0 -1.300114795711558e+00)] -5.067714925153157e+01)
([(0 6.623628800147685e-02)] -3.822020942188084e+01)
([(0 2.805633882236009e+00)] -1.886892698853856e+01)
([(0 -1.024929907631176e-01)] -3.965746707503357e+01)
([(0 2.047043476339823e+00)] -2.347634819509351e+01)
([(0 -3.248143174929019e+00)] -7.166545827628494e+01)
([(0 -2.182680751432834e+00)] -5.971585826548606e+01)
([(0 -2.499017650895368e+00)] -6.314521888932320e+01)
([(0 1.230292535932719e+00)] -2.908034755352706e+01)
([(0 4.019209328497311e+00)] -1.269476676788205e+01)
([(0 2.283464728196591e+00)] -2.197867963975723e+01)
([(0 -2.300803141811393e+00)] -6.098469850105071e+01)
([(0 5.677771908380436e-01)] -3.411610359406389e+01)
([(0 -2.213373790441977e+00)] -6.004421323383384e+01)
([(0 3.040061077306831e+00)] -1.756149076673921e+01)
([(0 5.148525884756062e+00)] -8.272213619544360e+00)
([(0 -9.915774856930994e-01)] -4.770104583042735e+01)
([(0 -2.187763040493351e-01)] -4.066455436699538e+01)
([(0 2.053916707048309e+00)] -2.343201915680475e+01)
([(0 -1.295027225955394e+00)] -5.062730342557299e+01)
([(0 2.055963971724211e+00)] -2.341882441382749e+01)
([(0 -1.388210984593563e+00)] -5.154438248488768e+01)
([(0 3.322895644469952e+00)] -1.605722900099339e+01)
([(0 1.427167997140003e+00)] -2.766850051730956e+01)
([(0 -1.663150687910807e+00)] -5.430084019956024e+01)
([(0 -1.551858366859378e-01)] -4.011214518075371e+01)
([(0 -1.874836789159417e+00)] -5.647464344781712e+01)
([(0 3.068337103661058e+00)] -1.740750515670186e+01)
([(0 -9.847484039970382e-01)] -4.763625039053147e+01)
([(0 -2.414759802143109e+00)] -6.222201501620883e+01)
([(0 2.883571945635467e+00)] -1.842815629189578e+01)
([(0 -2.161453977592416e-01)] -4.064161954440908e+01)
([(0 -3.993421987180575e+00)] -8.069882072185280e+01)
([(0 2.012352057030910e+00)] -2.370081216292482e+01)
([(0 -1.156975855276485e-01)] -3.977114668960276e+01)
([(0 2.067523328550934e+00)] -2.334440231133752e+01)
([(0 5.459084303243067e+00)] -7.279608384360643e+00)
([(0 -3.498424351690517e-01)] -4.181587981062873e+01)
([(0 -1.656336183718842e+00)] -5.423160658532760e+01)
([(0 5.804213013949067e-01)] -3.401588762866906e+01)
([(0 1.357814646730482e+00)] -2.816143005719810e+01)
([(0 -1.290765430156526e+00)] -5.058556810114334e+01)
([(0 -2.250972630468766e+00)] -6.044773049751353e+01)
([(0 -1.201737717937476e+00)] -4.971788162079461e+01)
([(0 -4.526198158559609e-01)] -4.273072503059769e+01)
([(0 -1.423054509745263e+00)] -5.188952964865719e+01)
([(0 1.162227399560571e+00)] -2.957747761484909e+01)
([(0 3.034509934064431e-01)] -3.624773205571420e+01)
([(0 6.113971439836092e-01)] -3.377105175694427e+01)
([(0 -5.624403592991598e-01)] -4.371993687989642e+01)
([(0 5.881204726607336e-01)] -3.395494307453439e+01)
([(0 -4.122914631363486e-01)] -4.237049380891580e+01)
([(0 5.287433296981575e+00)] -7.816316657640625e+00)
([(0 4.777902996741759e-01)] -3.483394848497016e+01)
([(0 3.924401740027349e+00)] -1.312407396530167e+01)
([(0 1.852952193465740e+00)] -2.474764651814525e+01)
([(0 3.119510973656581e+00)] -1.713085532827026e+01)
([(0 1.437409443470990e+00)] -2.759611693155566e+01)
([(0 1.304048480005726e+00)] -2.854688338602324e+01)
([(0 1.445672056095312e+00)] -2.753779561704656e+01)
([(0 1.382702861131690e+00)] -2.798398352844080e+01)
([(0 1.956263110802745e+00)] -2.406627048448977e+01)
([(0 4.437798381174005e+00)] -1.090676524296556e+01)
([(0 2.367707124794499e+00)] -2.145853220061736e+01)
([(0 5.256803565990246e+00)] -7.915185801756081e+00)
([(0 -2.082689839829769e+00)] -5.865268636998739e+01)
([(0 2.028175470726339e-01)] -3.707764257555218e+01)
([(0 -1.863805084361942e-01)] -4.038262741563940e+01)
([(0 5.955346032155262e-02)] -3.827659314155422e+01)
([(0 5.289870147011229e-01)] -3.442454825287094e+01)
([(0 3.129826161333305e+00)] -1.707540777571938e+01)
([(0 -1.731733367328538e+00)] -5.500020809702136e+01)
([(0 -2.708321517248841e+00)] -6.546925986398097e+01)
([(0 1.790944613972627e+00)] -2.516173633336074e+01)
([(0 2.702630092085407e+00)] -1.946077317156612e+01)
([(0 5.848970021270340e+00)] -6.170004221030982e+00)
([(0 -5.930961304036231e-02)] -3.928691477291186e+01)
([(0 1.484419082820089e+00)] -2.726521204971875e+01)
([(0 1.128467420288679e+00)] -2.982577053384201e+01)
([(0 -4.873853358976376e+00)] -9.208600108067114e+01)
([(0 -3.043907145081945e-01)] -4.141467217382834e+01)
([(0 -2.404488263678665e+00)] -6.210995639332215e+01)
([(0 2.876952196898294e+00)] -1.846535754495275e+01)
([(0 2.894664093455759e+00)] -1.836591955956636e+01)
([(0 8.921504184112408e-01)] -3.159571187500942e+01)
([(0 2.953343712062697e+00)] -1.803872223522649e+01)
([(0 2.267248712634924e+00)] -2.207961855204479e+01)
([(0 -6.057875881680062e-01)] -4.411370804738654e+01)
([(0 1.839106438420842e+00)] -2.483977576631263e+01)
([(0 5.093301384521062e+00)] -8.458821975322344e+00)
([(0 3.517788139763596e-01)] -3.585277849515153e+01)
([(0 2.964955652029211e+00)] -1.797438221397098e+01)
([(0 7.722115877217064e-01)] -3.251538111944062e+01)
([(0 -9.933547125180411e-01)] -4.771791609581354e+01)
([(0 -7.253944266141517e-01)] -4.520997541027101e+01)
([(0 6.191686404947774e-01)] -3.370977570544976e+01)
([(0 1.705051439985340e+00)] -2.574168721359194e+01)
([(0 4.299127157309144e-01)] -3.521917863483007e+01)
([(0 -1.924247655809005e+00)] -5.698849384178904e+01)
([(0 -2.707131555589100e+00)] -6.545592309910977e+01)
([(0 8.196923720033453e-01)] -3.214958687730109e+01)
([(0 2.684498509184877e+00)] -1.956605304180574e+01)
([(0 3.015761335921162e+00)] -1.769446110925790e+01)
([(0 1.694223478189372e+00)] -2.581532127938367e+01)
([(0 2.235200278119500e+00)] -2.227988202460629e+01)
([(0 1.123000044075674e+00)] -2.986608842182304e+01)
([(0 -1.634511306854371e+00)] -5.401018396134883e+01)
([(0 1.652717221488402e+00)] -2.609866497142005e+01)
([(0 6.195294825043653e+00)] -5.311857218704573e+00)
([(0 3.935554092939569e+00)] -1.307310746620965e+01)
([(0 2.175053537849848e+00)] -2.265849812150215e+01)
([(0 4.602695504835587e+00)] -1.025051541098366e+01)
([(0 3.223375419649294e+00)] -1.657740772794992e+01)
([(0 7.149281191575128e-01)] -3.295969634191147e+01)
([(0 -2.256508979101170e+00)] -6.050726695571133e+01)
([(0 1.030392700774655e+00)] -3.055354084928956e+01)
([(0 3.782051496183342e+00)] -1.378554328930221e+01)
([(0 2.543854999520988e+00)] -2.039385588033485e+01)
([(0 -2.519129775153033e+00)] -6.336663474780134e+01)
([(0 -4.486297863835418e-01)] -4.269501177384466e+01)
([(0 -5.700623947432888e-01)] -4.378904016923747e+01)
([(0 7.057409104786750e+00)] -3.696558492445374e+00)
([(0 4.866328537723064e-03)] -3.873967229497536e+01)
([(0 -1.822327723913290e+00)] -5.593124906690373e+01)
([(0 9.967383667574836e-01)] -3.080549181541386e+01)
([(0 -1.348312647419910e+00)] -5.115065524763476e+01)
([(0 -2.247399975763756e+00)] -6.040932736649268e+01)
([(0 3.337155579200513e-01)] -3.600012504144780e+01)
([(0 5.008202988026511e-01)] -3.464946219299314e+01)
([(0 1.047431762217848e+00)] -3.042641091636898e+01)
([(0 -6.479183748254513e-02)] -3.933385385667310e+01)
([(0 -3.731058192526014e+00)] -7.745541650144816e+01)
([(0 -2.653139166825703e+00)] -6.485228088426005e+01)
([(0 3.873148901609603e+00)] -1.335989979030750e+01)
([(0 -1.001756207106439e+00)] -4.779770975661215e+01)
([(0 2.364125182136874e+00)] -2.148050413721271e+01)
([(0 -4.270532060639169e-01)] -4.250216371891732e+01)
([(0 5.193159890736879e+00)] -8.123620001084955e+00)
([(0 4.717773237707668e+00)] -9.808643887669458e+00)
([(0 1.897916428275437e-02)] -3.861988145490430e+01)
([(0 5.757946514934034e-01)] -3.405253944961956e+01)
([(0 4.294367393970191e-01)] -3.522301991866659e+01)
([(0 -2.056955130590438e+00)] -5.838067506161917e+01)
([(0 3.169736472885326e+00)] -1.686187888121377e+01)
([(0 -6.192012984257858e+00)] -1.105836470117700e+02)
([(0 -1.214371020316300e+00)] -4.984052640714985e+01)
([(0 -3.721282110631776e-01)] -4.201335374374083e+01)
([(0 -1.040669583978008e+00)] -4.816821230229083e+01)
([(0 2.465433087935416e+00)] -2.086402315506163e+01)
([(0 -4.252714602126986e-01)] -4.248625956621294e+01)
([(0 3.574552158237488e+00)] -1.478604246793078e+01)
([(0 1.211351047729359e+00)] -2.921822602168724e+01)
([(0 -4.707111023701529e-01)] -4.289285308806285e+01)
([(0 2.821611826330702e+00)] -1.877807037240296e+01)
([(0 -1.218108296692620e+00)] -4.987683868009225e+01)
([(0 -1.985649227631647e+00)] -5.763044410943536e+01)
([(0 2.493683074176474e-01)] -3.669248591029145e+01)
([(0 -2.574029613546699e+00)] -6.397309018782391e+01)
([(0 8.576922183429403e-01)] -3.185845836175731e+01)
([(0 -3.789275933328021e+00)] -7.816917572970694e+01)
([(0 -4.651999728198390e-01)] -4.284342952329371e+01)
([(0 2.010005224645731e+00)] -2.371604033903215e+01)
([(0 2.682836777842425e+00)] -1.957571822358064e+01)
([(0 2.985948935903906e-01)] -3.628754710669010e+01)
([(0 2.137338410990345e+00)] -2.289775549509872e+01)
([(0 2.516414597351833e+00)] -2.055767138236141e+01)
([(0 -9.110423982880818e-01)] -4.693988375815722e+01)
([(0 2.460638630136707e+00)] -2.089296712486781e+01)
([(0 4.599015988169697e-01)] -3.497761539732225e+01)
([(0 2.912757316695497e+00)] -1.826466464803914e+01)
([(0 1.339891742357864e-01)] -3.765109281537129e+01)
([(0 -1.344585970971572e+00)] -5.111396071689443e+01)
([(0 -1.627872170036738e+00)] -5.394292159327162e+01)
([(0 -1.876640338791766e+00)] -5.649335660728953e+01)
([(0 -2.480343960298157e-01)] -4.092007714402965e+01)
([(0 3.546051421214216e-01)] -3.582975294234668e+01)
([(0 1.294276824981893e+00)] -2.861724748446581e+01)
([(0 3.322579708306080e+00)] -1.605886468539127e+01)
([(0 3.739337035117494e+00)] -1.398798017957123e+01)
([(0 3.431917894107741e-01)] -3.592278433913719e+01)
([(0 5.383503838756816e+00)] -7.512298408491041e+00)
([(0 2.026552628525621e+00)] -2.360878468259356e+01)
([(0 -9.702562824203085e-01)] -4.749890127432995e+01)
([(0 8.906977076525848e-01)] -3.160676493513110e+01)
([(0 3.186213550720431e+00)] -1.677418746124287e+01)
([(0 -4.690712581088547e-01)] -4.287814386348646e+01)
([(0 5.532659519059422e-01)] -3.423131526253798e+01)
([(0 8.098790461427967e-01)] -3.222500438944610e+01)
([(0 1.088198356360742e+00)] -3.012342604929609e+01)
([(0 -1.919254902304509e+00)] -5.693646060656755e+01)
([(0 3.366814186549512e+00)] -1.583082254467396e+01)
([(0 -9.659072595277252e-02)] -3.960671030173789e+01)
([(0 4.675081612817422e-01)] -3.491648681650700e+01)
([(0 -5.002847714388288e+00)] -9.381947244594980e+01)
([(0 7.515322111294722e-01)] -3.267540078455135e+01)
([(0 2.556427992682849e+00)] -2.031904835005130e+01)
([(0 -8.052291482471574e-01)] -4.594966899766354e+01)
([(0 -2.402347848751553e+00)] -6.208661855455810e+01)
([(0 -1.829781847335184e+00)] -5.600822075373702e+01)
([(0 2.937197272845609e+00)] -1.812841133758745e+01)
([(0 1.685061204486964e+00)] -2.587771964026363e+01)
([(0 -3.638372764308855e-01)] -4.193982987849213e+01)
([(0 1.643381183937116e+00)] -2.616263504136308e+01)
([(0 1.835613543488272e+00)] -2.486304766783776e+01)
([(0 -1.263473177079042e+00)] -5.031872848674024e+01)
([(0 -2.972766812888942e+00)] -6.846821341843223e+01)
([(0 2.086871154268593e+00)] -2.322013504294542e+01)
([(0 -2.564368902184881e-01)] -4.099361775315889e+01)
([(0 2.010162465409167e-01)] -3.709258991705819e+01)
([(0 -1.744235971970596e+00)] -5.512820957167746e+01)
([(0 -9.409207927488694e-02)] -3.958523358049696e+01)
([(0 2.686132938944652e+00)] -1.955654934878146e+01)
([(0 -2.357039029280898e+00)] -6.159367248863363e+01)
([(0 2.842969265113688e+00)] -1.865702261469347e+01)
([(0 -4.614239298095335e+00)] -8.864766043082329e+01)
([(0 -1.284048375022806e-01)] -3.988070926688566e+01)
([(0 7.292718833924994e-01)] -3.284813197808646e+01)
([(0 -4.113837427809983e-01)] -4.236240435252002e+01)
([(0 1.440932138986945e+00)] -2.757124378016300e+01)
([(0 3.102379199287306e+00)] -1.722317940111246e+01)
([(0 1.041305045494369e+00)] -3.047208945915317e+01)
([(0 9.156564979986470e-01)] -3.141715742514436e+01)
([(0 2.306419215853829e+00)] -2.183624571184163e+01)
([(0 1.517752086996872e+00)] -2.703191720628756e+01)
([(0 6.228811679083179e-02)] -3.825351515899389e+01)
([(0 -2.609303850325375e-01)] -4.103297485266246e+01)
([(0 1.580574257419137e+00)] -2.659525055051465e+01)
([(0 2.512069085029410e+00)] -2.058368256819956e+01)
([(0 -7.684645579550491e-01)] -4.560824187800372e+01)
